ID,Prediction
1,0.77717745
2,0.77717745
3,0.77717745
4,0.77717745
5,0.77717745
6,0.77717745
7,0.77717745
8,0.77717745
9,0.7814094
10,0.77717745
11,0.77717745
12,0.77717745
13,0.77717745
14,0.77717745
15,0.77717745
16,0.7814094
17,0.77717745
18,0.7814094
19,0.77717745
20,0.77717745
21,0.7814094
22,0.77717745
23,0.787234
24,0.77717745
25,0.77717745
26,0.77717745
27,0.7814094
28,0.77717745
29,0.77717745
30,0.77717745
31,0.77717745
32,0.77717745
33,0.77717745
34,0.77717745
35,0.77717745
36,0.77717745
37,0.77717745
38,0.77717745
39,0.77717745
40,0.7814094
41,0.7814094
42,0.77717745
43,0.7908043
44,0.77717745
45,0.77717745
46,0.77717745
47,0.77717745
48,0.77717745
49,0.77717745
50,0.77717745
51,0.77717745
52,0.77717745
53,0.77717745
54,0.77717745
55,0.7814094
56,0.77717745
57,0.77717745
58,0.77717745
59,0.77717745
60,0.77717745
61,0.77717745
62,0.7814094
63,0.77717745
64,0.77717745
65,0.77717745
66,0.77717745
67,0.787234
68,0.77717745
69,0.77717745
70,0.77717745
71,0.77717745
72,0.77717745
73,0.77717745
74,0.77717745
75,0.7814094
76,0.77717745
77,0.77717745
78,0.77717745
79,0.77717745
80,0.77717745
81,0.77717745
82,0.77717745
83,0.77717745
84,0.77717745
85,0.7814094
86,0.7814094
87,0.77717745
88,0.77717745
89,0.77717745
90,0.77717745
91,0.77717745
92,0.77717745
93,0.77717745
94,0.77717745
95,0.77717745
96,0.77717745
97,0.77717745
98,0.77717745
99,0.77717745
100,0.77717745
101,0.77717745
102,0.77717745
103,0.77717745
104,0.77717745
105,0.77717745
106,0.77717745
107,0.7814094
108,0.77717745
109,0.77717745
110,0.7814094
111,0.77717745
112,0.77717745
113,0.77717745
114,0.77717745
115,0.77717745
116,0.77717745
117,0.77717745
118,0.77717745
119,0.77717745
120,0.77717745
121,0.77717745
122,0.77717745
123,0.77717745
124,0.77717745
125,0.7908043
126,0.77717745
127,0.77717745
128,0.77717745
129,0.77717745
130,0.77717745
131,0.77717745
132,0.77717745
133,0.77717745
134,0.77717745
135,0.77717745
136,0.77717745
137,0.77717745
138,0.77717745
139,0.7814094
140,0.77717745
141,0.77717745
142,0.77717745
143,0.77717745
144,0.77717745
145,0.77717745
146,0.77717745
147,0.77717745
148,0.77717745
149,0.7814094
150,0.77717745
151,0.77717745
152,0.77717745
153,0.77717745
154,0.77717745
155,0.77717745
156,0.77717745
157,0.77717745
158,0.77717745
159,0.77717745
160,0.7814094
161,0.7814094
162,0.77717745
163,0.77717745
164,0.77717745
165,0.77717745
166,0.77717745
167,0.77717745
168,0.77717745
169,0.77717745
170,0.77717745
171,0.790131
172,0.77717745
173,0.77717745
174,0.77717745
175,0.77717745
176,0.77717745
177,0.77717745
178,0.77717745
179,0.77717745
180,0.77717745
181,0.77717745
182,0.77717745
183,0.77717745
184,0.77717745
185,0.77717745
186,0.77717745
187,0.77717745
188,0.77717745
189,0.77717745
190,0.77717745
191,0.77717745
192,0.77717745
193,0.77717745
194,0.77717745
195,0.77717745
196,0.7814094
197,0.77717745
198,0.77717745
199,0.77717745
200,0.77717745
201,0.77717745
202,0.77717745
203,0.77717745
204,0.77717745
205,0.77717745
206,0.77717745
207,0.7814094
208,0.77717745
209,0.77717745
210,0.77717745
211,0.77717745
212,0.77717745
213,0.77717745
214,0.77717745
215,0.77717745
216,0.7814094
217,0.77717745
218,0.77717745
219,0.77717745
220,0.790131
221,0.77717745
222,0.77717745
223,0.77717745
224,0.787234
225,0.77717745
226,0.77717745
227,0.77717745
228,0.77717745
229,0.77717745
230,0.77717745
231,0.77717745
232,0.77717745
233,0.77717745
234,0.77717745
235,0.77717745
236,0.77717745
237,0.77717745
238,0.77717745
239,0.77717745
240,0.77717745
241,0.77717745
242,0.77717745
243,0.77717745
244,0.77717745
245,0.77717745
246,0.77717745
247,0.77717745
248,0.77717745
249,0.77717745
250,0.77717745
251,0.77717745
252,0.77717745
253,0.77717745
254,0.77717745
255,0.77717745
256,0.7814094
257,0.77717745
258,0.7814094
259,0.77717745
260,0.77717745
261,0.77717745
262,0.77717745
263,0.77717745
264,0.7814094
265,0.77717745
266,0.77717745
267,0.77717745
268,0.77717745
269,0.7814094
270,0.77717745
271,0.77717745
272,0.77717745
273,0.77717745
274,0.77717745
275,0.77717745
276,0.77717745
277,0.77717745
278,0.77717745
279,0.77717745
280,0.77717745
281,0.7814094
282,0.77717745
283,0.77717745
284,0.77717745
285,0.77717745
286,0.7814094
287,0.77717745
288,0.7814094
289,0.77717745
290,0.77717745
291,0.77717745
292,0.7814094
293,0.77717745
294,0.77717745
295,0.77717745
296,0.77717745
297,0.77717745
298,0.77717745
299,0.77717745
300,0.77717745
301,0.77717745
302,0.77717745
303,0.77717745
304,0.77717745
305,0.77717745
306,0.77717745
307,0.77717745
308,0.77717745
309,0.77717745
310,0.77717745
311,0.77717745
312,0.77717745
313,0.77717745
314,0.77717745
315,0.77717745
316,0.77717745
317,0.77717745
318,0.77717745
319,0.77717745
320,0.77717745
321,0.77717745
322,0.77717745
323,0.77717745
324,0.7814094
325,0.77717745
326,0.77717745
327,0.77717745
328,0.77717745
329,0.77717745
330,0.77717745
331,0.77717745
332,0.77717745
333,0.77717745
334,0.77717745
335,0.77717745
336,0.77717745
337,0.77717745
338,0.77717745
339,0.77717745
340,0.7814094
341,0.77717745
342,0.77717745
343,0.77717745
344,0.77717745
345,0.7814094
346,0.77717745
347,0.77717745
348,0.7814094
349,0.77717745
350,0.77717745
351,0.77717745
352,0.77717745
353,0.77717745
354,0.77717745
355,0.77717745
356,0.77717745
357,0.77717745
358,0.77717745
359,0.77717745
360,0.77717745
361,0.77717745
362,0.77717745
363,0.77717745
364,0.77717745
365,0.77717745
366,0.77717745
367,0.77717745
368,0.77717745
369,0.7814094
370,0.7814094
371,0.77717745
372,0.77717745
373,0.77717745
374,0.77717745
375,0.77717745
376,0.77717745
377,0.77717745
378,0.77717745
379,0.77717745
380,0.77717745
381,0.77717745
382,0.77717745
383,0.77717745
384,0.77717745
385,0.77717745
386,0.77717745
387,0.7814094
388,0.77717745
389,0.77717745
390,0.77717745
391,0.77717745
392,0.77717745
393,0.77717745
394,0.77717745
395,0.77717745
396,0.7814094
397,0.77717745
398,0.77717745
399,0.77717745
400,0.77717745
401,0.77717745
402,0.77717745
403,0.77717745
404,0.77717745
405,0.77717745
406,0.77717745
407,0.77717745
408,0.77717745
409,0.77717745
410,0.77717745
411,0.77717745
412,0.77717745
413,0.77717745
414,0.77717745
415,0.77717745
416,0.7814094
417,0.77717745
418,0.77717745
419,0.77717745
420,0.77717745
421,0.77717745
422,0.77717745
423,0.77717745
424,0.77717745
425,0.77717745
426,0.77717745
427,0.77717745
428,0.77717745
429,0.77717745
430,0.77717745
431,0.77717745
432,0.7814094
433,0.77717745
434,0.77717745
435,0.77717745
436,0.77717745
437,0.77717745
438,0.77717745
439,0.77717745
440,0.77717745
441,0.77717745
442,0.7814094
443,0.77717745
444,0.7814094
445,0.77717745
446,0.7814094
447,0.77717745
448,0.7814094
449,0.77717745
450,0.7814094
451,0.7814094
452,0.77717745
453,0.77717745
454,0.77717745
455,0.77717745
456,0.77717745
457,0.77717745
458,0.77717745
459,0.77717745
460,0.77717745
461,0.77717745
462,0.77717745
463,0.77717745
464,0.77717745
465,0.77717745
466,0.77717745
467,0.77717745
468,0.77717745
469,0.7814094
470,0.77717745
471,0.77717745
472,0.77717745
473,0.77717745
474,0.77717745
475,0.77717745
476,0.77717745
477,0.77717745
478,0.77717745
479,0.7814094
480,0.77717745
481,0.77717745
482,0.77717745
483,0.77717745
484,0.77717745
485,0.77717745
486,0.77717745
487,0.77717745
488,0.77717745
489,0.77717745
490,0.77717745
491,0.77717745
492,0.77717745
493,0.77717745
494,0.77717745
495,0.77717745
496,0.77717745
497,0.77717745
498,0.77717745
499,0.77717745
500,0.77717745
501,0.7814094
502,0.77717745
503,0.7814094
504,0.77717745
505,0.77717745
506,0.7814094
507,0.7814094
508,0.77717745
509,0.77717745
510,0.77717745
511,0.77717745
512,0.77717745
513,0.77717745
514,0.77717745
515,0.77717745
516,0.7908043
517,0.77717745
518,0.77717745
519,0.77717745
520,0.77717745
521,0.77717745
522,0.77717745
523,0.77717745
524,0.77717745
525,0.79140604
526,0.7814094
527,0.77717745
528,0.77717745
529,0.77717745
530,0.77717745
531,0.77717745
532,0.77717745
533,0.77717745
534,0.77717745
535,0.77717745
536,0.77717745
537,0.77717745
538,0.77717745
539,0.7814094
540,0.7814094
541,0.77717745
542,0.77717745
543,0.77717745
544,0.77717745
545,0.77717745
546,0.77717745
547,0.7814094
548,0.77717745
549,0.77717745
550,0.77717745
551,0.7814094
552,0.7814094
553,0.77717745
554,0.77717745
555,0.77717745
556,0.77717745
557,0.77717745
558,0.77717745
559,0.77717745
560,0.77717745
561,0.77717745
562,0.77717745
563,0.77717745
564,0.7814094
565,0.7814094
566,0.77717745
567,0.77717745
568,0.7814094
569,0.77717745
570,0.77717745
571,0.77717745
572,0.77717745
573,0.77717745
574,0.77717745
575,0.7814094
576,0.77717745
577,0.77717745
578,0.77717745
579,0.77717745
580,0.77717745
581,0.77717745
582,0.77717745
583,0.77717745
584,0.77717745
585,0.77717745
586,0.77717745
587,0.77717745
588,0.7814094
589,0.77717745
590,0.77717745
591,0.77717745
592,0.77717745
593,0.77717745
594,0.77717745
595,0.790131
596,0.77717745
597,0.77717745
598,0.77717745
599,0.77717745
600,0.77717745
601,0.77717745
602,0.77717745
603,0.7814094
604,0.77717745
605,0.77717745
606,0.77717745
607,0.77717745
608,0.77717745
609,0.77717745
610,0.77717745
611,0.77717745
612,0.77717745
613,0.77717745
614,0.77717745
615,0.77717745
616,0.77717745
617,0.77717745
618,0.77717745
619,0.77717745
620,0.77717745
621,0.77717745
622,0.77717745
623,0.77717745
624,0.77717745
625,0.77717745
626,0.77717745
627,0.77717745
628,0.7908043
629,0.790131
630,0.77717745
631,0.7814094
632,0.77717745
633,0.77717745
634,0.77717745
635,0.77717745
636,0.77717745
637,0.77717745
638,0.77717745
639,0.77717745
640,0.7814094
641,0.77717745
642,0.77717745
643,0.77717745
644,0.77717745
645,0.7814094
646,0.77717745
647,0.7814094
648,0.77717745
649,0.77717745
650,0.77717745
651,0.77717745
652,0.77717745
653,0.77717745
654,0.77717745
655,0.7814094
656,0.77717745
657,0.77717745
658,0.77717745
659,0.77717745
660,0.77717745
661,0.77717745
662,0.77717745
663,0.77717745
664,0.7814094
665,0.787234
666,0.7814094
667,0.77717745
668,0.7814094
669,0.77717745
670,0.77717745
671,0.77717745
672,0.77717745
673,0.77717745
674,0.77717745
675,0.77717745
676,0.77717745
677,0.77717745
678,0.77717745
679,0.77717745
680,0.7814094
681,0.77717745
682,0.77717745
683,0.77717745
684,0.77717745
685,0.77717745
686,0.77717745
687,0.77717745
688,0.77717745
689,0.77717745
690,0.77717745
691,0.77717745
692,0.77717745
693,0.77717745
694,0.77717745
695,0.7814094
696,0.7814094
697,0.7814094
698,0.77717745
699,0.77717745
700,0.77717745
701,0.77717745
702,0.77717745
703,0.77717745
704,0.77717745
705,0.77717745
706,0.77717745
707,0.77717745
708,0.77717745
709,0.77717745
710,0.77717745
711,0.77717745
712,0.77717745
713,0.77717745
714,0.77717745
715,0.77717745
716,0.77717745
717,0.77717745
718,0.77717745
719,0.77717745
720,0.7814094
721,0.77717745
722,0.77717745
723,0.77717745
724,0.77717745
725,0.77717745
726,0.77717745
727,0.77717745
728,0.77717745
729,0.77717745
730,0.7814094
731,0.77717745
732,0.77717745
733,0.77717745
734,0.77717745
735,0.7814094
736,0.77717745
737,0.77717745
738,0.7814094
739,0.77717745
740,0.77717745
741,0.77717745
742,0.7814094
743,0.77717745
744,0.77717745
745,0.77717745
746,0.77717745
747,0.77717745
748,0.77717745
749,0.77717745
750,0.77717745
751,0.77717745
752,0.77717745
753,0.7814094
754,0.77717745
755,0.77717745
756,0.77717745
757,0.77717745
758,0.77717745
759,0.77717745
760,0.77717745
761,0.77717745
762,0.77717745
763,0.77717745
764,0.77717745
765,0.77717745
766,0.77717745
767,0.77717745
768,0.77717745
769,0.77717745
770,0.77717745
771,0.77717745
772,0.77717745
773,0.77717745
774,0.77717745
775,0.78140646
776,0.77717745
777,0.77717745
778,0.77717745
779,0.77717745
780,0.77717745
781,0.77717745
782,0.77717745
783,0.7814094
784,0.7908043
785,0.77717745
786,0.77717745
787,0.77717745
788,0.77717745
789,0.77717745
790,0.77717745
791,0.77717745
792,0.77717745
793,0.77717745
794,0.77717745
795,0.77717745
796,0.7814094
797,0.77717745
798,0.77717745
799,0.77717745
800,0.77717745
801,0.7814094
802,0.77717745
803,0.77717745
804,0.7814094
805,0.77717745
806,0.77717745
807,0.77717745
808,0.77717745
809,0.77717745
810,0.77717745
811,0.77717745
812,0.77717745
813,0.77717745
814,0.77717745
815,0.77717745
816,0.77717745
817,0.7814094
818,0.77717745
819,0.77717745
820,0.77717745
821,0.77717745
822,0.77717745
823,0.7814094
824,0.77717745
825,0.77717745
826,0.77717745
827,0.77717745
828,0.77717745
829,0.77717745
830,0.77717745
831,0.77717745
832,0.77717745
833,0.77717745
834,0.77717745
835,0.77717745
836,0.77717745
837,0.77717745
838,0.77717745
839,0.77717745
840,0.787234
841,0.77717745
842,0.77717745
843,0.77717745
844,0.77717745
845,0.77717745
846,0.77717745
847,0.7814094
848,0.77717745
849,0.7814094
850,0.790131
851,0.77717745
852,0.77717745
853,0.77717745
854,0.77717745
855,0.77717745
856,0.77717745
857,0.7814094
858,0.77717745
859,0.77717745
860,0.77717745
861,0.77717745
862,0.77717745
863,0.77717745
864,0.77717745
865,0.77717745
866,0.77717745
867,0.77717745
868,0.77717745
869,0.77717745
870,0.77717745
871,0.77717745
872,0.77717745
873,0.7814094
874,0.77717745
875,0.77717745
876,0.77717745
877,0.77717745
878,0.77717745
879,0.77717745
880,0.77717745
881,0.77717745
882,0.77717745
883,0.77717745
884,0.77717745
885,0.77717745
886,0.77717745
887,0.77717745
888,0.7814094
889,0.77717745
890,0.77717745
891,0.77717745
892,0.7814094
893,0.77717745
894,0.77717745
895,0.77717745
896,0.77717745
897,0.77717745
898,0.77717745
899,0.77717745
900,0.77717745
901,0.77717745
902,0.7814094
903,0.77717745
904,0.77717745
905,0.77717745
906,0.77717745
907,0.77717745
908,0.77717745
909,0.7814094
910,0.77717745
911,0.77717745
912,0.77717745
913,0.77717745
914,0.77717745
915,0.77717745
916,0.77717745
917,0.77717745
918,0.77717745
919,0.77717745
920,0.77717745
921,0.77717745
922,0.77717745
923,0.77717745
924,0.77717745
925,0.790131
926,0.7814094
927,0.77717745
928,0.77717745
929,0.77717745
930,0.77717745
931,0.77717745
932,0.7814094
933,0.77717745
934,0.77717745
935,0.77717745
936,0.77717745
937,0.77717745
938,0.77717745
939,0.77717745
940,0.77717745
941,0.77717745
942,0.77717745
943,0.77717745
944,0.77717745
945,0.77717745
946,0.77717745
947,0.77717745
948,0.77717745
949,0.77717745
950,0.77717745
951,0.77717745
952,0.77717745
953,0.77717745
954,0.7814094
955,0.77717745
956,0.77717745
957,0.77717745
958,0.77717745
959,0.77717745
960,0.77717745
961,0.7814094
962,0.77717745
963,0.77717745
964,0.77717745
965,0.7814094
966,0.79904073
967,0.77717745
968,0.7814094
969,0.7814094
970,0.77717745
971,0.77717745
972,0.77717745
973,0.77717745
974,0.7908043
975,0.77717745
976,0.7814094
977,0.77717745
978,0.7814094
979,0.77717745
980,0.77717745
981,0.77717745
982,0.7814094
983,0.77717745
984,0.7814094
985,0.77717745
986,0.77717745
987,0.7814094
988,0.77717745
989,0.77717745
990,0.77717745
991,0.77717745
992,0.77717745
993,0.7814094
994,0.77717745
995,0.77717745
996,0.77717745
997,0.77717745
998,0.77717745
999,0.77717745
1000,0.77717745
1001,0.77717745
1002,0.77717745
1003,0.77717745
1004,0.77717745
1005,0.77717745
1006,0.77717745
1007,0.77717745
1008,0.77717745
1009,0.77717745
1010,0.7814094
1011,0.77717745
1012,0.77717745
1013,0.77717745
1014,0.77717745
1015,0.77717745
1016,0.77717745
1017,0.77717745
1018,0.77717745
1019,0.77717745
1020,0.7814094
1021,0.77717745
1022,0.77717745
1023,0.77717745
1024,0.77717745
1025,0.77717745
1026,0.77717745
1027,0.77717745
1028,0.77717745
1029,0.77717745
1030,0.77717745
1031,0.7814094
1032,0.77717745
1033,0.77717745
1034,0.77717745
1035,0.77717745
1036,0.77717745
1037,0.77717745
1038,0.7814094
1039,0.77717745
1040,0.77717745
1041,0.77717745
1042,0.77717745
1043,0.77717745
1044,0.7814094
1045,0.7814094
1046,0.77717745
1047,0.7908043
1048,0.77717745
1049,0.77717745
1050,0.77717745
1051,0.77717745
1052,0.77717745
1053,0.77717745
1054,0.77717745
1055,0.77717745
1056,0.7814094
1057,0.77717745
1058,0.77717745
1059,0.77717745
1060,0.77717745
1061,0.77717745
1062,0.77717745
1063,0.77717745
1064,0.77717745
1065,0.77717745
1066,0.77717745
1067,0.77717745
1068,0.77717745
1069,0.77717745
1070,0.77717745
1071,0.77717745
1072,0.7814094
1073,0.77717745
1074,0.77717745
1075,0.77717745
1076,0.77717745
1077,0.77717745
1078,0.77717745
1079,0.77717745
1080,0.77717745
1081,0.77717745
1082,0.77717745
1083,0.77717745
1084,0.77717745
1085,0.77717745
1086,0.77717745
1087,0.77717745
1088,0.77717745
1089,0.77717745
1090,0.77717745
1091,0.77717745
1092,0.77717745
1093,0.77717745
1094,0.77717745
1095,0.77717745
1096,0.77717745
1097,0.77717745
1098,0.77717745
1099,0.77717745
1100,0.77717745
1101,0.77717745
1102,0.7814094
1103,0.77717745
1104,0.77717745
1105,0.77717745
1106,0.77717745
1107,0.77717745
1108,0.77717745
1109,0.77717745
1110,0.77717745
1111,0.7814094
1112,0.77717745
1113,0.77717745
1114,0.77717745
1115,0.77717745
1116,0.77717745
1117,0.77717745
1118,0.77717745
1119,0.77717745
1120,0.77717745
1121,0.77717745
1122,0.77717745
1123,0.77717745
1124,0.77717745
1125,0.77717745
1126,0.7814094
1127,0.77717745
1128,0.77717745
1129,0.77717745
1130,0.77717745
1131,0.77717745
1132,0.77717745
1133,0.77717745
1134,0.77717745
1135,0.77717745
1136,0.7814094
1137,0.77717745
1138,0.77717745
1139,0.77717745
1140,0.77717745
1141,0.77717745
1142,0.77717745
1143,0.7814094
1144,0.77717745
1145,0.77717745
1146,0.77717745
1147,0.77717745
1148,0.77717745
1149,0.77717745
1150,0.77717745
1151,0.77717745
1152,0.77717745
1153,0.77717745
1154,0.77717745
1155,0.77717745
1156,0.77717745
1157,0.77717745
1158,0.77717745
1159,0.77717745
1160,0.77717745
1161,0.77717745
1162,0.77717745
1163,0.7814094
1164,0.77717745
1165,0.77717745
1166,0.77717745
1167,0.77717745
1168,0.77717745
1169,0.77717745
1170,0.77717745
1171,0.77717745
1172,0.77717745
1173,0.7814094
1174,0.77717745
1175,0.77717745
1176,0.77717745
1177,0.77717745
1178,0.77717745
1179,0.77717745
1180,0.77717745
1181,0.77717745
1182,0.77717745
1183,0.77717745
1184,0.77717745
1185,0.77717745
1186,0.77717745
1187,0.7814094
1188,0.77717745
1189,0.77717745
1190,0.7814094
1191,0.77717745
1192,0.77717745
1193,0.77717745
1194,0.77717745
1195,0.77717745
1196,0.77717745
1197,0.77717745
1198,0.77717745
1199,0.77717745
1200,0.77717745
1201,0.7814094
1202,0.77717745
1203,0.77717745
1204,0.77717745
1205,0.77717745
1206,0.77717745
1207,0.77717745
1208,0.77717745
1209,0.7814094
1210,0.77717745
1211,0.77717745
1212,0.77717745
1213,0.77717745
1214,0.77717745
1215,0.77717745
1216,0.7814094
1217,0.77717745
1218,0.7814094
1219,0.77717745
1220,0.77717745
1221,0.77717745
1222,0.77717745
1223,0.77717745
1224,0.77717745
1225,0.77717745
1226,0.77717745
1227,0.77717745
1228,0.77717745
1229,0.77717745
1230,0.7814094
1231,0.7814094
1232,0.7814094
1233,0.77717745
1234,0.77717745
1235,0.77717745
1236,0.77717745
1237,0.77717745
1238,0.77717745
1239,0.77717745
1240,0.77717745
1241,0.77717745
1242,0.77717745
1243,0.7814094
1244,0.7814094
1245,0.77717745
1246,0.77717745
1247,0.77717745
1248,0.77717745
1249,0.77717745
1250,0.77717745
1251,0.77717745
1252,0.77717745
1253,0.77717745
1254,0.77717745
1255,0.77717745
1256,0.77717745
1257,0.77717745
1258,0.77717745
1259,0.77717745
1260,0.77717745
1261,0.77717745
1262,0.77717745
1263,0.77717745
1264,0.77717745
1265,0.77717745
1266,0.77717745
1267,0.77717745
1268,0.77717745
1269,0.77717745
1270,0.77717745
1271,0.77717745
1272,0.77717745
1273,0.77717745
1274,0.77717745
1275,0.7814094
1276,0.77717745
1277,0.77717745
1278,0.77717745
1279,0.77717745
1280,0.7814094
1281,0.7814094
1282,0.77717745
1283,0.77717745
1284,0.77717745
1285,0.77717745
1286,0.79035324
1287,0.77717745
1288,0.77717745
1289,0.77717745
1290,0.77717745
1291,0.77717745
1292,0.787234
1293,0.77717745
1294,0.77717745
1295,0.77717745
1296,0.77717745
1297,0.7814094
1298,0.77717745
1299,0.77717745
1300,0.77717745
1301,0.77717745
1302,0.77717745
1303,0.77717745
1304,0.77717745
1305,0.7814094
1306,0.77717745
1307,0.77717745
1308,0.77717745
1309,0.77717745
1310,0.77717745
1311,0.77717745
1312,0.7814094
1313,0.77717745
1314,0.77717745
1315,0.77717745
1316,0.77717745
1317,0.77717745
1318,0.77717745
1319,0.77717745
1320,0.77717745
1321,0.7814094
1322,0.77717745
1323,0.77717745
1324,0.77717745
1325,0.77717745
1326,0.77717745
1327,0.77717745
1328,0.77717745
1329,0.77717745
1330,0.77717745
1331,0.77717745
1332,0.77717745
1333,0.77717745
1334,0.77717745
1335,0.77717745
1336,0.77717745
1337,0.77717745
1338,0.77717745
1339,0.77717745
1340,0.77717745
1341,0.77717745
1342,0.77717745
1343,0.77717745
1344,0.77717745
1345,0.77717745
1346,0.77717745
1347,0.77717745
1348,0.77717745
1349,0.77717745
1350,0.77717745
1351,0.77717745
1352,0.77717745
1353,0.77717745
1354,0.77717745
1355,0.77717745
1356,0.77717745
1357,0.77717745
1358,0.77717745
1359,0.77717745
1360,0.77717745
1361,0.77717745
1362,0.77717745
1363,0.77717745
1364,0.77717745
1365,0.77717745
1366,0.77717745
1367,0.77717745
1368,0.77717745
1369,0.77717745
1370,0.77717745
1371,0.7814094
1372,0.77717745
1373,0.77717745
1374,0.77717745
1375,0.77717745
1376,0.77717745
1377,0.77717745
1378,0.77717745
1379,0.77717745
1380,0.77717745
1381,0.77717745
1382,0.77717745
1383,0.77717745
1384,0.77717745
1385,0.77717745
1386,0.77717745
1387,0.7814094
1388,0.77717745
1389,0.77717745
1390,0.7814094
1391,0.77717745
1392,0.77717745
1393,0.77717745
1394,0.77717745
1395,0.77717745
1396,0.77717745
1397,0.77717745
1398,0.77717745
1399,0.77717745
1400,0.77717745
1401,0.77717745
1402,0.77717745
1403,0.77717745
1404,0.77717745
1405,0.77717745
1406,0.77717745
1407,0.77717745
1408,0.77717745
1409,0.77717745
1410,0.77717745
1411,0.77717745
1412,0.77717745
1413,0.77717745
1414,0.77717745
1415,0.77717745
1416,0.77717745
1417,0.77717745
1418,0.77717745
1419,0.7814094
1420,0.77717745
1421,0.77717745
1422,0.77717745
1423,0.77717745
1424,0.77717745
1425,0.77717745
1426,0.77717745
1427,0.77717745
1428,0.77717745
1429,0.77717745
1430,0.7814094
1431,0.77717745
1432,0.77717745
1433,0.77717745
1434,0.7814094
1435,0.77717745
1436,0.77717745
1437,0.77717745
1438,0.77717745
1439,0.77717745
1440,0.77717745
1441,0.77717745
1442,0.77717745
1443,0.77717745
1444,0.77717745
1445,0.77717745
1446,0.77717745
1447,0.77717745
1448,0.77717745
1449,0.77717745
1450,0.77717745
1451,0.7814094
1452,0.7814094
1453,0.77717745
1454,0.77717745
1455,0.7814094
1456,0.77717745
1457,0.77717745
1458,0.77717745
1459,0.77717745
1460,0.7814094
1461,0.77717745
1462,0.77717745
1463,0.77717745
1464,0.7814094
1465,0.77717745
1466,0.77717745
1467,0.77717745
1468,0.7814094
1469,0.77717745
1470,0.7814094
1471,0.7814094
1472,0.77717745
1473,0.77717745
1474,0.77717745
1475,0.77717745
1476,0.7908043
1477,0.77717745
1478,0.77717745
1479,0.77717745
1480,0.77717745
1481,0.77717745
1482,0.77717745
1483,0.77717745
1484,0.7814094
1485,0.77717745
1486,0.77717745
1487,0.77717745
1488,0.77717745
1489,0.77717745
1490,0.77717745
1491,0.77717745
1492,0.77717745
1493,0.77717745
1494,0.77717745
1495,0.77717745
1496,0.77717745
1497,0.77717745
1498,0.77717745
1499,0.77717745
1500,0.77717745
1501,0.77717745
1502,0.77717745
1503,0.77717745
1504,0.77717745
1505,0.77717745
1506,0.77717745
1507,0.77717745
1508,0.77717745
1509,0.77717745
1510,0.77717745
1511,0.77717745
1512,0.77717745
1513,0.77717745
1514,0.77717745
1515,0.77717745
1516,0.77717745
1517,0.77717745
1518,0.77717745
1519,0.7814094
1520,0.77717745
1521,0.77717745
1522,0.77717745
1523,0.77717745
1524,0.77717745
1525,0.77717745
1526,0.77717745
1527,0.77717745
1528,0.77717745
1529,0.77717745
1530,0.77717745
1531,0.77717745
1532,0.77717745
1533,0.7814094
1534,0.77717745
1535,0.77717745
1536,0.77717745
1537,0.77717745
1538,0.77717745
1539,0.77717745
1540,0.77717745
1541,0.7814094
1542,0.77717745
1543,0.77717745
1544,0.77717745
1545,0.77717745
1546,0.77717745
1547,0.77717745
1548,0.77717745
1549,0.77717745
1550,0.77717745
1551,0.77717745
1552,0.77717745
1553,0.77717745
1554,0.77717745
1555,0.77717745
1556,0.77717745
1557,0.77717745
1558,0.77717745
1559,0.77717745
1560,0.77717745
1561,0.7814094
1562,0.77717745
1563,0.77717745
1564,0.77717745
1565,0.77717745
1566,0.77717745
1567,0.77717745
1568,0.7908043
1569,0.77717745
1570,0.77717745
1571,0.77717745
1572,0.77717745
1573,0.77717745
1574,0.7814094
1575,0.7814094
1576,0.77717745
1577,0.77717745
1578,0.77717745
1579,0.7814094
1580,0.77717745
1581,0.77717745
1582,0.77717745
1583,0.7814094
1584,0.77717745
1585,0.77717745
1586,0.77717745
1587,0.77717745
1588,0.77717745
1589,0.77717745
1590,0.77717745
1591,0.77717745
1592,0.77717745
1593,0.77717745
1594,0.77717745
1595,0.77717745
1596,0.77717745
1597,0.77717745
1598,0.77717745
1599,0.7814094
1600,0.77717745
1601,0.77717745
1602,0.77717745
1603,0.77717745
1604,0.77717745
1605,0.77717745
1606,0.7814094
1607,0.77717745
1608,0.77717745
1609,0.77717745
1610,0.77717745
1611,0.77717745
1612,0.77717745
1613,0.77717745
1614,0.77717745
1615,0.77717745
1616,0.77717745
1617,0.77717745
1618,0.77717745
1619,0.77717745
1620,0.77717745
1621,0.79140604
1622,0.77717745
1623,0.7814094
1624,0.77717745
1625,0.77717745
1626,0.77717745
1627,0.790131
1628,0.77717745
1629,0.77717745
1630,0.7814094
1631,0.77717745
1632,0.77717745
1633,0.77717745
1634,0.77717745
1635,0.77717745
1636,0.77717745
1637,0.7814094
1638,0.77717745
1639,0.77717745
1640,0.77717745
1641,0.77717745
1642,0.77717745
1643,0.77717745
1644,0.77717745
1645,0.77717745
1646,0.77717745
1647,0.77717745
1648,0.77717745
1649,0.77717745
1650,0.77717745
1651,0.77717745
1652,0.77717745
1653,0.77717745
1654,0.77717745
1655,0.77717745
1656,0.77717745
1657,0.77717745
1658,0.77717745
1659,0.77717745
1660,0.77717745
1661,0.77717745
1662,0.77717745
1663,0.77717745
1664,0.77717745
1665,0.77717745
1666,0.77717745
1667,0.77717745
1668,0.77717745
1669,0.77717745
1670,0.77717745
1671,0.77717745
1672,0.77717745
1673,0.77717745
1674,0.77717745
1675,0.77717745
1676,0.77717745
1677,0.77717745
1678,0.77717745
1679,0.77717745
1680,0.77717745
1681,0.77717745
1682,0.77717745
1683,0.77717745
1684,0.77717745
1685,0.77717745
1686,0.77717745
1687,0.77717745
1688,0.77717745
1689,0.77717745
1690,0.77717745
1691,0.77717745
1692,0.77717745
1693,0.7814094
1694,0.77717745
1695,0.77717745
1696,0.77717745
1697,0.77717745
1698,0.77717745
1699,0.77717745
1700,0.77717745
1701,0.77717745
1702,0.77717745
1703,0.77717745
1704,0.77717745
1705,0.77717745
1706,0.77717745
1707,0.77717745
1708,0.77717745
1709,0.77717745
1710,0.77717745
1711,0.77717745
1712,0.77717745
1713,0.77717745
1714,0.77717745
1715,0.77717745
1716,0.77717745
1717,0.787234
1718,0.77717745
1719,0.77717745
1720,0.77717745
1721,0.77717745
1722,0.77717745
1723,0.77717745
1724,0.77717745
1725,0.77717745
1726,0.77717745
1727,0.77717745
1728,0.7814094
1729,0.77717745
1730,0.77717745
1731,0.77717745
1732,0.77717745
1733,0.77717745
1734,0.77717745
1735,0.77717745
1736,0.77717745
1737,0.77717745
1738,0.77717745
1739,0.77717745
1740,0.77717745
1741,0.790131
1742,0.77717745
1743,0.77717745
1744,0.77717745
1745,0.77717745
1746,0.77717745
1747,0.77717745
1748,0.77717745
1749,0.77717745
1750,0.77717745
1751,0.77717745
1752,0.7814094
1753,0.77717745
1754,0.77717745
1755,0.77717745
1756,0.77717745
1757,0.77717745
1758,0.77717745
1759,0.77717745
1760,0.77717745
1761,0.77717745
1762,0.77717745
1763,0.77717745
1764,0.77717745
1765,0.77717745
1766,0.77717745
1767,0.77717745
1768,0.77717745
1769,0.77717745
1770,0.7814094
1771,0.77717745
1772,0.77717745
1773,0.7814094
1774,0.77717745
1775,0.77717745
1776,0.77717745
1777,0.77717745
1778,0.77717745
1779,0.77717745
1780,0.77717745
1781,0.77717745
1782,0.77717745
1783,0.77717745
1784,0.77717745
1785,0.77717745
1786,0.77717745
1787,0.77717745
1788,0.77717745
1789,0.77717745
1790,0.77717745
1791,0.77717745
1792,0.77717745
1793,0.77717745
1794,0.77717745
1795,0.7814094
1796,0.7814094
1797,0.77717745
1798,0.7814094
1799,0.77717745
1800,0.7814094
1801,0.77717745
1802,0.77717745
1803,0.77717745
1804,0.77717745
1805,0.79140604
1806,0.77717745
1807,0.77717745
1808,0.77717745
1809,0.77717745
1810,0.77717745
1811,0.77717745
1812,0.77717745
1813,0.7814094
1814,0.77717745
1815,0.77717745
1816,0.7814094
1817,0.77717745
1818,0.77717745
1819,0.77717745
1820,0.77717745
1821,0.77717745
1822,0.77717745
1823,0.77717745
1824,0.77717745
1825,0.77717745
1826,0.7814094
1827,0.77717745
1828,0.77717745
1829,0.77717745
1830,0.77717745
1831,0.77717745
1832,0.77717745
1833,0.77717745
1834,0.77717745
1835,0.7814094
1836,0.77717745
1837,0.77717745
1838,0.77717745
1839,0.77717745
1840,0.7814094
1841,0.77717745
1842,0.77717745
1843,0.77717745
1844,0.7814094
1845,0.77717745
1846,0.77717745
1847,0.77717745
1848,0.77717745
1849,0.77717745
1850,0.77717745
1851,0.7814094
1852,0.77717745
1853,0.77717745
1854,0.7814094
1855,0.7814094
1856,0.77717745
1857,0.77717745
1858,0.77717745
1859,0.77717745
1860,0.77717745
1861,0.77717745
1862,0.77717745
1863,0.77717745
1864,0.77717745
1865,0.7814094
1866,0.77717745
1867,0.77717745
1868,0.77717745
1869,0.77717745
1870,0.77717745
1871,0.77717745
1872,0.77717745
1873,0.77717745
1874,0.77717745
1875,0.77717745
1876,0.77717745
1877,0.77717745
1878,0.77717745
1879,0.77717745
1880,0.7814094
1881,0.77717745
1882,0.77717745
1883,0.787234
1884,0.77717745
1885,0.77717745
1886,0.77717745
1887,0.77717745
1888,0.77717745
1889,0.77717745
1890,0.77717745
1891,0.77717745
1892,0.77717745
1893,0.77717745
1894,0.77717745
1895,0.77717745
1896,0.7814094
1897,0.77717745
1898,0.77717745
1899,0.7814094
1900,0.77717745
1901,0.77717745
1902,0.77717745
1903,0.77717745
1904,0.77717745
1905,0.77717745
1906,0.7814094
1907,0.77717745
1908,0.7814094
1909,0.7814094
1910,0.77717745
1911,0.77717745
1912,0.77717745
1913,0.77717745
1914,0.77717745
1915,0.77717745
1916,0.77717745
1917,0.77717745
1918,0.77717745
1919,0.77717745
1920,0.7814094
1921,0.7814094
1922,0.7814094
1923,0.77717745
1924,0.77717745
1925,0.77717745
1926,0.77717745
1927,0.77717745
1928,0.77717745
1929,0.77717745
1930,0.77717745
1931,0.77717745
1932,0.77717745
1933,0.77717745
1934,0.77717745
1935,0.77717745
1936,0.77717745
1937,0.77717745
1938,0.7814094
1939,0.77717745
1940,0.77717745
1941,0.77717745
1942,0.77717745
1943,0.77717745
1944,0.77717745
1945,0.77717745
1946,0.77717745
1947,0.77717745
1948,0.7814094
1949,0.7814094
1950,0.77717745
1951,0.77717745
1952,0.7814094
1953,0.77717745
1954,0.77717745
1955,0.77717745
1956,0.7814094
1957,0.77717745
1958,0.77717745
1959,0.77717745
1960,0.77717745
1961,0.77717745
1962,0.77717745
1963,0.77717745
1964,0.77717745
1965,0.77717745
1966,0.7814094
1967,0.77717745
1968,0.77717745
1969,0.7814094
1970,0.77717745
1971,0.77717745
1972,0.77717745
1973,0.77717745
1974,0.77717745
1975,0.77717745
1976,0.77717745
1977,0.77717745
1978,0.77717745
1979,0.77717745
1980,0.77717745
1981,0.77717745
1982,0.77717745
1983,0.77717745
1984,0.77717745
1985,0.77717745
1986,0.77717745
1987,0.77717745
1988,0.77717745
1989,0.7814094
1990,0.77717745
1991,0.77717745
1992,0.77717745
1993,0.77717745
1994,0.7814094
1995,0.77717745
1996,0.77717745
1997,0.77717745
1998,0.77717745
1999,0.77717745
2000,0.77717745
2001,0.77717745
2002,0.77717745
2003,0.77717745
2004,0.77717745
2005,0.77717745
2006,0.77717745
2007,0.77717745
2008,0.77717745
2009,0.790131
2010,0.77717745
2011,0.7814094
2012,0.77717745
2013,0.77717745
2014,0.77717745
2015,0.77717745
2016,0.77717745
2017,0.77717745
2018,0.7814094
2019,0.77717745
2020,0.77717745
2021,0.77717745
2022,0.77717745
2023,0.77717745
2024,0.77717745
2025,0.7814094
2026,0.77717745
2027,0.77717745
2028,0.77717745
2029,0.77717745
2030,0.77717745
2031,0.7814094
2032,0.77717745
2033,0.77717745
2034,0.77717745
2035,0.77717745
2036,0.77717745
2037,0.77717745
2038,0.77717745
2039,0.77717745
2040,0.77717745
2041,0.7814094
2042,0.77717745
2043,0.77717745
2044,0.77717745
2045,0.77717745
2046,0.77717745
2047,0.7814094
2048,0.77717745
2049,0.77717745
2050,0.77717745
2051,0.77717745
2052,0.77717745
2053,0.7814094
2054,0.77717745
2055,0.77717745
2056,0.77717745
2057,0.77717745
2058,0.77717745
2059,0.77717745
2060,0.77717745
2061,0.77717745
2062,0.77717745
2063,0.77717745
2064,0.77717745
2065,0.77717745
2066,0.77717745
2067,0.77717745
2068,0.77717745
2069,0.77717745
2070,0.77717745
2071,0.77717745
2072,0.77717745
2073,0.77717745
2074,0.77717745
2075,0.77717745
2076,0.77717745
2077,0.77717745
2078,0.77717745
2079,0.77717745
2080,0.77717745
2081,0.77717745
2082,0.77717745
2083,0.77717745
2084,0.77717745
2085,0.77717745
2086,0.77717745
2087,0.7908043
2088,0.77717745
2089,0.77717745
2090,0.7814094
2091,0.77717745
2092,0.77717745
2093,0.77717745
2094,0.77717745
2095,0.77717745
2096,0.77717745
2097,0.77717745
2098,0.77717745
2099,0.77717745
2100,0.7814094
2101,0.7814094
2102,0.7814094
2103,0.77717745
2104,0.77717745
2105,0.77717745
2106,0.77717745
2107,0.77717745
2108,0.77717745
2109,0.77717745
2110,0.77717745
2111,0.77717745
2112,0.77717745
2113,0.77717745
2114,0.77717745
2115,0.77717745
2116,0.77717745
2117,0.77717745
2118,0.77717745
2119,0.77717745
2120,0.77717745
2121,0.77717745
2122,0.77717745
2123,0.7814094
2124,0.77717745
2125,0.77717745
2126,0.77717745
2127,0.77717745
2128,0.77717745
2129,0.7814094
2130,0.7814094
2131,0.77717745
2132,0.77717745
2133,0.77717745
2134,0.77717745
2135,0.7814094
2136,0.77717745
2137,0.77717745
2138,0.77717745
2139,0.77717745
2140,0.7814094
2141,0.77717745
2142,0.77717745
2143,0.77717745
2144,0.77717745
2145,0.77717745
2146,0.77717745
2147,0.77717745
2148,0.77717745
2149,0.77717745
2150,0.77717745
2151,0.77717745
2152,0.77717745
2153,0.77717745
2154,0.7814094
2155,0.77717745
2156,0.77717745
2157,0.77717745
2158,0.77717745
2159,0.77717745
2160,0.77717745
2161,0.77717745
2162,0.77717745
2163,0.77717745
2164,0.77717745
2165,0.77717745
2166,0.7814094
2167,0.77717745
2168,0.77717745
2169,0.77717745
2170,0.77717745
2171,0.7814094
2172,0.7814094
2173,0.77717745
2174,0.77717745
2175,0.77717745
2176,0.77717745
2177,0.7814094
2178,0.77717745
2179,0.77717745
2180,0.77717745
2181,0.77717745
2182,0.77717745
2183,0.77717745
2184,0.77717745
2185,0.77717745
2186,0.77717745
2187,0.77717745
2188,0.77717745
2189,0.77717745
2190,0.77717745
2191,0.77717745
2192,0.77717745
2193,0.77717745
2194,0.77717745
2195,0.77717745
2196,0.77717745
2197,0.77717745
2198,0.77717745
2199,0.77717745
2200,0.77717745
2201,0.77717745
2202,0.77717745
2203,0.77717745
2204,0.77717745
2205,0.77717745
2206,0.77717745
2207,0.77717745
2208,0.77717745
2209,0.77717745
2210,0.7814094
2211,0.77717745
2212,0.77717745
2213,0.77717745
2214,0.77717745
2215,0.77717745
2216,0.77717745
2217,0.77717745
2218,0.77717745
2219,0.77717745
2220,0.77717745
2221,0.77717745
2222,0.77717745
2223,0.77717745
2224,0.77717745
2225,0.7814094
2226,0.77717745
2227,0.77717745
2228,0.77717745
2229,0.77717745
2230,0.77717745
2231,0.7908043
2232,0.77717745
2233,0.7814094
2234,0.77717745
2235,0.77717745
2236,0.77717745
2237,0.7814094
2238,0.77717745
2239,0.77717745
2240,0.77717745
2241,0.77717745
2242,0.77717745
2243,0.77717745
2244,0.77717745
2245,0.77717745
2246,0.77717745
2247,0.77717745
2248,0.77717745
2249,0.77717745
2250,0.77717745
2251,0.77717745
2252,0.77717745
2253,0.77717745
2254,0.7814094
2255,0.77717745
2256,0.77717745
2257,0.77717745
2258,0.77717745
2259,0.77717745
2260,0.77717745
2261,0.77717745
2262,0.77717745
2263,0.77717745
2264,0.77717745
2265,0.77717745
2266,0.77717745
2267,0.7814094
2268,0.77717745
2269,0.77717745
2270,0.77717745
2271,0.7814094
2272,0.7814094
2273,0.77717745
2274,0.77717745
2275,0.77717745
2276,0.77717745
2277,0.77717745
2278,0.77717745
2279,0.7908043
2280,0.77717745
2281,0.77717745
2282,0.77717745
2283,0.7908043
2284,0.77717745
2285,0.77717745
2286,0.77717745
2287,0.77717745
2288,0.79140604
2289,0.77717745
2290,0.7814094
2291,0.77717745
2292,0.77717745
2293,0.77717745
2294,0.77717745
2295,0.77717745
2296,0.77717745
2297,0.77717745
2298,0.77717745
2299,0.77717745
2300,0.77717745
2301,0.77717745
2302,0.7814094
2303,0.77717745
2304,0.77717745
2305,0.7814094
2306,0.7814094
2307,0.77717745
2308,0.7814094
2309,0.77717745
2310,0.77717745
2311,0.77717745
2312,0.77717745
2313,0.77717745
2314,0.77717745
2315,0.77717745
2316,0.7814094
2317,0.7814094
2318,0.77717745
2319,0.77717745
2320,0.77717745
2321,0.77717745
2322,0.77717745
2323,0.7814094
2324,0.77717745
2325,0.77717745
2326,0.77717745
2327,0.77717745
2328,0.77717745
2329,0.77717745
2330,0.77717745
2331,0.77717745
2332,0.77717745
2333,0.77717745
2334,0.77717745
2335,0.77717745
2336,0.77717745
2337,0.77717745
2338,0.77717745
2339,0.77717745
2340,0.77717745
2341,0.77717745
2342,0.77717745
2343,0.77717745
2344,0.7814094
2345,0.77717745
2346,0.7814094
2347,0.77717745
2348,0.7814094
2349,0.77717745
2350,0.77717745
2351,0.77717745
2352,0.77717745
2353,0.77717745
2354,0.77717745
2355,0.77717745
2356,0.77717745
2357,0.77717745
2358,0.77717745
2359,0.77717745
2360,0.7814094
2361,0.77717745
2362,0.77717745
2363,0.77717745
2364,0.77717745
2365,0.7814094
2366,0.77717745
2367,0.7814094
2368,0.77717745
2369,0.7814094
2370,0.77717745
2371,0.77717745
2372,0.7814094
2373,0.77717745
2374,0.77717745
2375,0.77717745
2376,0.77717745
2377,0.7814094
2378,0.77717745
2379,0.7814094
2380,0.77717745
2381,0.77717745
2382,0.7814094
2383,0.77717745
2384,0.77717745
2385,0.77717745
2386,0.790131
2387,0.77717745
2388,0.77717745
2389,0.77717745
2390,0.7814094
2391,0.77717745
2392,0.77717745
2393,0.77717745
2394,0.77717745
2395,0.77717745
2396,0.77717745
2397,0.7814094
2398,0.77717745
2399,0.77717745
2400,0.77717745
2401,0.77717745
2402,0.77717745
2403,0.77717745
2404,0.77717745
2405,0.77717745
2406,0.77717745
2407,0.77717745
2408,0.77717745
2409,0.77717745
2410,0.77717745
2411,0.77717745
2412,0.77717745
2413,0.77717745
2414,0.77717745
2415,0.77717745
2416,0.77717745
2417,0.77717745
2418,0.77717745
2419,0.77717745
2420,0.7814094
2421,0.77717745
2422,0.77717745
2423,0.77717745
2424,0.77717745
2425,0.77717745
2426,0.77717745
2427,0.77717745
2428,0.77717745
2429,0.7814094
2430,0.77717745
2431,0.77717745
2432,0.7814094
2433,0.7814094
2434,0.77717745
2435,0.77717745
2436,0.77717745
2437,0.77717745
2438,0.77717745
2439,0.77717745
2440,0.77717745
2441,0.77717745
2442,0.77717745
2443,0.77717745
2444,0.77717745
2445,0.77717745
2446,0.77717745
2447,0.77717745
2448,0.77717745
2449,0.77717745
2450,0.7814094
2451,0.7814094
2452,0.77717745
2453,0.787234
2454,0.77717745
2455,0.77717745
2456,0.77717745
2457,0.77717745
2458,0.77717745
2459,0.77717745
2460,0.77717745
2461,0.7814094
2462,0.77717745
2463,0.77717745
2464,0.77717745
2465,0.77717745
2466,0.77717745
2467,0.77717745
2468,0.77717745
2469,0.77717745
2470,0.77717745
2471,0.77717745
2472,0.77717745
2473,0.77717745
2474,0.77717745
2475,0.7814094
2476,0.77717745
2477,0.77717745
2478,0.77717745
2479,0.77717745
2480,0.77717745
2481,0.77717745
2482,0.77717745
2483,0.77717745
2484,0.77717745
2485,0.77717745
2486,0.77717745
2487,0.77717745
2488,0.77717745
2489,0.77717745
2490,0.77717745
2491,0.77717745
2492,0.77717745
2493,0.77717745
2494,0.77717745
2495,0.7814094
2496,0.77717745
2497,0.77717745
2498,0.77717745
2499,0.77717745
2500,0.77717745
2501,0.77717745
2502,0.77717745
2503,0.77717745
2504,0.77717745
2505,0.77717745
2506,0.77717745
2507,0.77717745
2508,0.77717745
2509,0.77717745
2510,0.77717745
2511,0.77717745
2512,0.77717745
2513,0.7814094
2514,0.7814094
2515,0.77717745
2516,0.77717745
2517,0.77717745
2518,0.77717745
2519,0.77717745
2520,0.77717745
2521,0.77717745
2522,0.77717745
2523,0.77717745
2524,0.77717745
2525,0.77717745
2526,0.77717745
2527,0.77717745
2528,0.77717745
2529,0.7814094
2530,0.77717745
2531,0.77717745
2532,0.77717745
2533,0.77717745
2534,0.77717745
2535,0.77717745
2536,0.77717745
2537,0.77717745
2538,0.77717745
2539,0.77717745
2540,0.77717745
2541,0.77717745
2542,0.77717745
2543,0.77717745
2544,0.7814094
2545,0.77717745
2546,0.77717745
2547,0.77717745
2548,0.77717745
2549,0.77717745
2550,0.77717745
2551,0.77717745
2552,0.77717745
2553,0.77717745
2554,0.77717745
2555,0.77717745
2556,0.77717745
2557,0.77717745
2558,0.77717745
2559,0.77717745
2560,0.77717745
2561,0.77717745
2562,0.77717745
2563,0.77717745
2564,0.77717745
2565,0.77717745
2566,0.77717745
2567,0.77717745
2568,0.77717745
2569,0.77717745
2570,0.7814094
2571,0.77717745
2572,0.77717745
2573,0.77717745
2574,0.77717745
2575,0.77717745
2576,0.7814094
2577,0.7814094
2578,0.77717745
2579,0.77717745
2580,0.77717745
2581,0.77717745
2582,0.77717745
2583,0.77717745
2584,0.77717745
2585,0.77717745
2586,0.77717745
2587,0.77717745
2588,0.77717745
2589,0.77717745
2590,0.77717745
2591,0.77717745
2592,0.77717745
2593,0.77717745
2594,0.77717745
2595,0.77717745
2596,0.77717745
2597,0.77717745
2598,0.77717745
2599,0.7814094
2600,0.77717745
2601,0.77717745
2602,0.77717745
2603,0.77717745
2604,0.77717745
2605,0.77717745
2606,0.77717745
2607,0.77717745
2608,0.7814094
2609,0.77717745
2610,0.77717745
2611,0.77717745
2612,0.77717745
2613,0.77717745
2614,0.77717745
2615,0.77717745
2616,0.77717745
2617,0.7814094
2618,0.7908043
2619,0.77717745
2620,0.77717745
2621,0.77717745
2622,0.77717745
2623,0.7814094
2624,0.77717745
2625,0.77717745
2626,0.77717745
2627,0.77717745
2628,0.77717745
2629,0.77717745
2630,0.77717745
2631,0.77717745
2632,0.77717745
2633,0.77717745
2634,0.77717745
2635,0.77717745
2636,0.77717745
2637,0.7814094
2638,0.77717745
2639,0.77717745
2640,0.77717745
2641,0.77717745
2642,0.77717745
2643,0.77717745
2644,0.77717745
2645,0.77717745
2646,0.77717745
2647,0.77717745
2648,0.77717745
2649,0.77717745
2650,0.7814094
2651,0.77717745
2652,0.77717745
2653,0.77717745
2654,0.77717745
2655,0.77717745
2656,0.77717745
2657,0.77717745
2658,0.77717745
2659,0.77717745
2660,0.77717745
2661,0.77717745
2662,0.7814094
2663,0.77717745
2664,0.77717745
2665,0.77717745
2666,0.77717745
2667,0.77717745
2668,0.77717745
2669,0.77717745
2670,0.77717745
2671,0.77717745
2672,0.77717745
2673,0.77717745
2674,0.77717745
2675,0.77717745
2676,0.77717745
2677,0.77717745
2678,0.7814094
2679,0.7814094
2680,0.77717745
2681,0.77717745
2682,0.77717745
2683,0.7814094
2684,0.7814094
2685,0.77717745
2686,0.77717745
2687,0.77717745
2688,0.77717745
2689,0.77717745
2690,0.77717745
2691,0.77717745
2692,0.77717745
2693,0.77717745
2694,0.77717745
2695,0.77717745
2696,0.7814094
2697,0.77717745
2698,0.77717745
2699,0.77717745
2700,0.77717745
2701,0.7814094
2702,0.77717745
2703,0.77717745
2704,0.77717745
2705,0.77717745
2706,0.77717745
2707,0.77717745
2708,0.77717745
2709,0.77717745
2710,0.77717745
2711,0.77717745
2712,0.77717745
2713,0.77717745
2714,0.77717745
2715,0.77717745
2716,0.77717745
2717,0.77717745
2718,0.77717745
2719,0.77717745
2720,0.77717745
2721,0.77717745
2722,0.77717745
2723,0.77717745
2724,0.7814094
2725,0.77717745
2726,0.7814094
2727,0.77717745
2728,0.77717745
2729,0.7814094
2730,0.77717745
2731,0.77717745
2732,0.77717745
2733,0.77717745
2734,0.77717745
2735,0.77717745
2736,0.7814094
2737,0.77717745
2738,0.7908043
2739,0.77717745
2740,0.790131
2741,0.77717745
2742,0.77717745
2743,0.77717745
2744,0.77717745
2745,0.7814094
2746,0.77717745
2747,0.77717745
2748,0.77717745
2749,0.77717745
2750,0.77717745
2751,0.77717745
2752,0.77717745
2753,0.77717745
2754,0.77717745
2755,0.77717745
2756,0.7814094
2757,0.77717745
2758,0.77717745
2759,0.77717745
2760,0.77717745
2761,0.77717745
2762,0.77717745
2763,0.77717745
2764,0.7814094
2765,0.77717745
2766,0.77717745
2767,0.77717745
2768,0.7814094
2769,0.77717745
2770,0.77717745
2771,0.77717745
2772,0.77717745
2773,0.77717745
2774,0.77717745
2775,0.77717745
2776,0.77717745
2777,0.77717745
2778,0.7814094
2779,0.77717745
2780,0.77717745
2781,0.7908043
2782,0.77717745
2783,0.77717745
2784,0.77717745
2785,0.77717745
2786,0.7814094
2787,0.77717745
2788,0.77717745
2789,0.77717745
2790,0.77717745
2791,0.77717745
2792,0.77717745
2793,0.7814094
2794,0.77717745
2795,0.7814094
2796,0.77717745
2797,0.77717745
2798,0.77717745
2799,0.77717745
2800,0.77717745
2801,0.77717745
2802,0.77717745
2803,0.77717745
2804,0.7814094
2805,0.77717745
2806,0.77717745
2807,0.77717745
2808,0.77717745
2809,0.77717745
2810,0.77717745
2811,0.77717745
2812,0.77717745
2813,0.787234
2814,0.77717745
2815,0.7814094
2816,0.77717745
2817,0.7814094
2818,0.7908043
2819,0.77717745
2820,0.77717745
2821,0.77717745
2822,0.77717745
2823,0.77717745
2824,0.77717745
2825,0.77717745
2826,0.77717745
2827,0.77717745
2828,0.7814094
2829,0.77717745
2830,0.77717745
2831,0.77717745
2832,0.77717745
2833,0.77717745
2834,0.77717745
2835,0.77717745
2836,0.77717745
2837,0.77717745
2838,0.77717745
2839,0.77717745
2840,0.77717745
2841,0.77717745
2842,0.77717745
2843,0.77717745
2844,0.77717745
2845,0.7814094
2846,0.77717745
2847,0.77717745
2848,0.77717745
2849,0.7814094
2850,0.77717745
2851,0.77717745
2852,0.77717745
2853,0.77717745
2854,0.77717745
2855,0.77717745
2856,0.77717745
2857,0.7814094
2858,0.77717745
2859,0.77717745
2860,0.7814094
2861,0.77717745
2862,0.77717745
2863,0.79140604
2864,0.77717745
2865,0.77717745
2866,0.77717745
2867,0.77717745
2868,0.77717745
2869,0.77717745
2870,0.77717745
2871,0.77717745
2872,0.77717745
2873,0.77717745
2874,0.7814094
2875,0.77717745
2876,0.77717745
2877,0.77717745
2878,0.77717745
2879,0.77717745
2880,0.77717745
2881,0.77717745
2882,0.77717745
2883,0.77717745
2884,0.77717745
2885,0.77717745
2886,0.77717745
2887,0.77717745
2888,0.77717745
2889,0.77717745
2890,0.77717745
2891,0.77717745
2892,0.77717745
2893,0.7814094
2894,0.77717745
2895,0.77717745
2896,0.77717745
2897,0.77717745
2898,0.77717745
2899,0.77717745
2900,0.77717745
2901,0.77717745
2902,0.77717745
2903,0.77717745
2904,0.77717745
2905,0.77717745
2906,0.77717745
2907,0.77717745
2908,0.77717745
2909,0.7814094
2910,0.77717745
2911,0.77717745
2912,0.77717745
2913,0.77717745
2914,0.77717745
2915,0.77717745
2916,0.77717745
2917,0.77717745
2918,0.77717745
2919,0.77717745
2920,0.77717745
2921,0.77717745
2922,0.77717745
2923,0.77717745
2924,0.7814094
2925,0.77717745
2926,0.77717745
2927,0.77717745
2928,0.77717745
2929,0.77717745
2930,0.77717745
2931,0.77717745
2932,0.77717745
2933,0.77717745
2934,0.77717745
2935,0.77717745
2936,0.7814094
2937,0.77717745
2938,0.77717745
2939,0.77717745
2940,0.77717745
2941,0.77717745
2942,0.77717745
2943,0.77717745
2944,0.77717745
2945,0.77717745
2946,0.77717745
2947,0.77717745
2948,0.7814094
2949,0.77717745
2950,0.77717745
2951,0.77717745
2952,0.7814094
2953,0.7814094
2954,0.77717745
2955,0.7814094
2956,0.77717745
2957,0.77717745
2958,0.77717745
2959,0.77717745
2960,0.77717745
2961,0.77717745
2962,0.77717745
2963,0.77717745
2964,0.77717745
2965,0.77717745
2966,0.77717745
2967,0.77717745
2968,0.77717745
2969,0.77717745
2970,0.77717745
2971,0.77717745
2972,0.77717745
2973,0.77717745
2974,0.77717745
2975,0.77717745
2976,0.77717745
2977,0.77717745
2978,0.7908043
2979,0.77717745
2980,0.77717745
2981,0.7814094
2982,0.77717745
2983,0.77717745
2984,0.77717745
2985,0.77717745
2986,0.77717745
2987,0.77717745
2988,0.7814094
2989,0.77717745
2990,0.77717745
2991,0.77717745
2992,0.77717745
2993,0.77717745
2994,0.7814094
2995,0.77717745
2996,0.77717745
2997,0.77717745
2998,0.77717745
2999,0.77717745
3000,0.77717745
3001,0.77717745
3002,0.77717745
3003,0.77717745
3004,0.77717745
3005,0.77717745
3006,0.790131
3007,0.77717745
3008,0.77717745
3009,0.77717745
3010,0.77717745
3011,0.77717745
3012,0.77717745
3013,0.77717745
3014,0.77717745
3015,0.7814094
3016,0.77717745
3017,0.7814094
3018,0.77717745
3019,0.77717745
3020,0.77717745
3021,0.77717745
3022,0.77717745
3023,0.77717745
3024,0.77717745
3025,0.77717745
3026,0.77717745
3027,0.77717745
3028,0.77717745
3029,0.77717745
3030,0.77717745
3031,0.77717745
3032,0.77717745
3033,0.77717745
3034,0.77717745
3035,0.77717745
3036,0.77717745
3037,0.77717745
3038,0.77717745
3039,0.77717745
3040,0.77717745
3041,0.77717745
3042,0.77717745
3043,0.77717745
3044,0.77717745
3045,0.7814094
3046,0.77717745
3047,0.77717745
3048,0.77717745
3049,0.77717745
3050,0.77717745
3051,0.77717745
3052,0.77717745
3053,0.7814094
3054,0.77717745
3055,0.77717745
3056,0.77717745
3057,0.77717745
3058,0.77717745
3059,0.79140604
3060,0.77717745
3061,0.77717745
3062,0.77717745
3063,0.77717745
3064,0.77717745
3065,0.77717745
3066,0.77717745
3067,0.77717745
3068,0.77717745
3069,0.7814094
3070,0.77717745
3071,0.77717745
3072,0.77717745
3073,0.77717745
3074,0.77717745
3075,0.7814094
3076,0.77717745
3077,0.7814094
3078,0.77717745
3079,0.77717745
3080,0.77717745
3081,0.77717745
3082,0.77717745
3083,0.77717745
3084,0.77717745
3085,0.77717745
3086,0.7814094
3087,0.7814094
3088,0.790131
3089,0.77717745
3090,0.77717745
3091,0.77717745
3092,0.77717745
3093,0.77717745
3094,0.77717745
3095,0.77717745
3096,0.7814094
3097,0.77717745
3098,0.77717745
3099,0.7814094
3100,0.77717745
3101,0.77717745
3102,0.77717745
3103,0.77717745
3104,0.77717745
3105,0.77717745
3106,0.77717745
3107,0.77717745
3108,0.77717745
3109,0.7814094
3110,0.77717745
3111,0.77717745
3112,0.7814094
3113,0.77717745
3114,0.77717745
3115,0.77717745
3116,0.77717745
3117,0.77717745
3118,0.77717745
3119,0.77717745
3120,0.77717745
3121,0.77717745
3122,0.77717745
3123,0.77717745
3124,0.77717745
3125,0.7814094
3126,0.77717745
3127,0.77717745
3128,0.77717745
3129,0.77717745
3130,0.77717745
3131,0.77717745
3132,0.7814094
3133,0.77717745
3134,0.77717745
3135,0.77717745
3136,0.77717745
3137,0.77717745
3138,0.77717745
3139,0.77717745
3140,0.7814094
3141,0.7814094
3142,0.7814094
3143,0.77717745
3144,0.77717745
3145,0.77717745
3146,0.77717745
3147,0.77717745
3148,0.77717745
3149,0.77717745
3150,0.77717745
3151,0.77717745
3152,0.77717745
3153,0.77717745
3154,0.77717745
3155,0.77717745
3156,0.77717745
3157,0.77717745
3158,0.77717745
3159,0.77717745
3160,0.77717745
3161,0.77717745
3162,0.7814094
3163,0.77717745
3164,0.77717745
3165,0.7814094
3166,0.77717745
3167,0.77717745
3168,0.7814094
3169,0.77717745
3170,0.77717745
3171,0.77717745
3172,0.77717745
3173,0.7814094
3174,0.7814094
3175,0.77717745
3176,0.77717745
3177,0.77717745
3178,0.77717745
3179,0.77717745
3180,0.77717745
3181,0.77717745
3182,0.77717745
3183,0.77717745
3184,0.77717745
3185,0.77717745
3186,0.77717745
3187,0.77717745
3188,0.77717745
3189,0.77717745
3190,0.77717745
3191,0.77717745
3192,0.7908043
3193,0.77717745
3194,0.77717745
3195,0.77717745
3196,0.77717745
3197,0.77717745
3198,0.7814094
3199,0.77717745
3200,0.77717745
3201,0.77717745
3202,0.77717745
3203,0.77717745
3204,0.77717745
3205,0.77717745
3206,0.77717745
3207,0.787234
3208,0.77717745
3209,0.77717745
3210,0.77717745
3211,0.77717745
3212,0.77717745
3213,0.77717745
3214,0.77717745
3215,0.77717745
3216,0.77717745
3217,0.77717745
3218,0.77717745
3219,0.77717745
3220,0.77717745
3221,0.77717745
3222,0.7814094
3223,0.77717745
3224,0.7814094
3225,0.77717745
3226,0.77717745
3227,0.77717745
3228,0.77717745
3229,0.77717745
3230,0.77717745
3231,0.77717745
3232,0.7814094
3233,0.7814094
3234,0.77717745
3235,0.77717745
3236,0.77717745
3237,0.77717745
3238,0.77717745
3239,0.77717745
3240,0.77717745
3241,0.77717745
3242,0.77717745
3243,0.77717745
3244,0.77717745
3245,0.77717745
3246,0.77717745
3247,0.77717745
3248,0.77717745
3249,0.77717745
3250,0.77717745
3251,0.77717745
3252,0.7814094
3253,0.77717745
3254,0.77717745
3255,0.77717745
3256,0.77717745
3257,0.77717745
3258,0.77717745
3259,0.77717745
3260,0.7814094
3261,0.787234
3262,0.77717745
3263,0.77717745
3264,0.77717745
3265,0.77717745
3266,0.77717745
3267,0.77717745
3268,0.77717745
3269,0.7814094
3270,0.77717745
3271,0.77717745
3272,0.77717745
3273,0.77717745
3274,0.77717745
3275,0.77717745
3276,0.77717745
3277,0.77717745
3278,0.787234
3279,0.77717745
3280,0.77717745
3281,0.77717745
3282,0.77717745
3283,0.77717745
3284,0.77717745
3285,0.77717745
3286,0.77717745
3287,0.77717745
3288,0.77717745
3289,0.77717745
3290,0.77717745
3291,0.77717745
3292,0.77717745
3293,0.77717745
3294,0.77717745
3295,0.77717745
3296,0.77717745
3297,0.77717745
3298,0.77717745
3299,0.77717745
3300,0.7814094
3301,0.77717745
3302,0.77717745
3303,0.77717745
3304,0.77717745
3305,0.7814094
3306,0.77717745
3307,0.77717745
3308,0.77717745
3309,0.7814094
3310,0.7814094
3311,0.77717745
3312,0.77717745
3313,0.77717745
3314,0.77717745
3315,0.77717745
3316,0.77717745
3317,0.77717745
3318,0.77717745
3319,0.77717745
3320,0.77717745
3321,0.77717745
3322,0.77717745
3323,0.77717745
3324,0.77717745
3325,0.77717745
3326,0.7814094
3327,0.77717745
3328,0.7814094
3329,0.77717745
3330,0.77717745
3331,0.77717745
3332,0.7908043
3333,0.77717745
3334,0.77717745
3335,0.77717745
3336,0.77717745
3337,0.77717745
3338,0.7814094
3339,0.77717745
3340,0.7814094
3341,0.7814094
3342,0.77717745
3343,0.77717745
3344,0.77717745
3345,0.77717745
3346,0.77717745
3347,0.77717745
3348,0.77717745
3349,0.77717745
3350,0.77717745
3351,0.77717745
3352,0.77717745
3353,0.77717745
3354,0.77717745
3355,0.77717745
3356,0.77717745
3357,0.7814094
3358,0.77717745
3359,0.77717745
3360,0.77717745
3361,0.77717745
3362,0.77717745
3363,0.77717745
3364,0.77717745
3365,0.77717745
3366,0.77717745
3367,0.77717745
3368,0.77717745
3369,0.77717745
3370,0.77717745
3371,0.77717745
3372,0.77717745
3373,0.77717745
3374,0.77717745
3375,0.7814094
3376,0.77717745
3377,0.7814094
3378,0.7814094
3379,0.7814094
3380,0.7814094
3381,0.77717745
3382,0.77717745
3383,0.77717745
3384,0.77717745
3385,0.77717745
3386,0.7908043
3387,0.77717745
3388,0.77717745
3389,0.77717745
3390,0.77717745
3391,0.77717745
3392,0.77717745
3393,0.77717745
3394,0.77717745
3395,0.7814094
3396,0.79764116
3397,0.77717745
3398,0.77717745
3399,0.77717745
3400,0.77717745
3401,0.77717745
3402,0.77717745
3403,0.77717745
3404,0.77717745
3405,0.77717745
3406,0.77717745
3407,0.77717745
3408,0.77717745
3409,0.77717745
3410,0.77717745
3411,0.77717745
3412,0.77717745
3413,0.77717745
3414,0.77717745
3415,0.77717745
3416,0.77717745
3417,0.77717745
3418,0.77717745
3419,0.77717745
3420,0.77717745
3421,0.787234
3422,0.7814094
3423,0.77717745
3424,0.77717745
3425,0.7814094
3426,0.7814094
3427,0.77717745
3428,0.77717745
3429,0.7814094
3430,0.77717745
3431,0.77717745
3432,0.7814094
3433,0.7814094
3434,0.7814094
3435,0.77717745
3436,0.77717745
3437,0.7814094
3438,0.77717745
3439,0.77717745
3440,0.77717745
3441,0.77717745
3442,0.77717745
3443,0.7814094
3444,0.77717745
3445,0.77717745
3446,0.77717745
3447,0.77717745
3448,0.77717745
3449,0.77717745
3450,0.77717745
3451,0.7814094
3452,0.77717745
3453,0.7814094
3454,0.77717745
3455,0.7814094
3456,0.77717745
3457,0.77717745
3458,0.77717745
3459,0.77717745
3460,0.77717745
3461,0.77717745
3462,0.77717745
3463,0.77717745
3464,0.77717745
3465,0.77717745
3466,0.77717745
3467,0.7814094
3468,0.77717745
3469,0.77717745
3470,0.77717745
3471,0.77717745
3472,0.77717745
3473,0.7814094
3474,0.77717745
3475,0.77717745
3476,0.77717745
3477,0.77717745
3478,0.77717745
3479,0.77717745
3480,0.7814094
3481,0.77717745
3482,0.77717745
3483,0.77717745
3484,0.77717745
3485,0.77717745
3486,0.77717745
3487,0.77717745
3488,0.77717745
3489,0.77717745
3490,0.77717745
3491,0.77717745
3492,0.77717745
3493,0.77717745
3494,0.77717745
3495,0.77717745
3496,0.77717745
3497,0.77717745
3498,0.7814094
3499,0.77717745
3500,0.77717745
3501,0.77717745
3502,0.77717745
3503,0.77717745
3504,0.77717745
3505,0.77717745
3506,0.77717745
3507,0.77717745
3508,0.77717745
3509,0.7814094
3510,0.77717745
3511,0.77717745
3512,0.77717745
3513,0.77717745
3514,0.7814094
3515,0.77717745
3516,0.77717745
3517,0.77717745
3518,0.77717745
3519,0.77717745
3520,0.77717745
3521,0.77717745
3522,0.77717745
3523,0.77717745
3524,0.77717745
3525,0.77717745
3526,0.77717745
3527,0.77717745
3528,0.77717745
3529,0.77717745
3530,0.77717745
3531,0.77717745
3532,0.77717745
3533,0.77717745
3534,0.7814094
3535,0.7814094
3536,0.77717745
3537,0.77717745
3538,0.77717745
3539,0.77717745
3540,0.77717745
3541,0.77717745
3542,0.77717745
3543,0.77717745
3544,0.77717745
3545,0.77717745
3546,0.77717745
3547,0.77717745
3548,0.7814094
3549,0.77717745
3550,0.77717745
3551,0.7814094
3552,0.77717745
3553,0.77717745
3554,0.77717745
3555,0.7814094
3556,0.77717745
3557,0.77717745
3558,0.77717745
3559,0.77717745
3560,0.77717745
3561,0.7814094
3562,0.77717745
3563,0.77717745
3564,0.77717745
3565,0.77717745
3566,0.77717745
3567,0.7814094
3568,0.77717745
3569,0.77717745
3570,0.77717745
3571,0.77717745
3572,0.77717745
3573,0.77717745
3574,0.77717745
3575,0.77717745
3576,0.7814094
3577,0.77717745
3578,0.77717745
3579,0.77717745
3580,0.7814094
3581,0.77717745
3582,0.7814094
3583,0.77717745
3584,0.77717745
3585,0.77717745
3586,0.77717745
3587,0.77717745
3588,0.77717745
3589,0.77717745
3590,0.77717745
3591,0.77717745
3592,0.7814094
3593,0.77717745
3594,0.77717745
3595,0.77717745
3596,0.77717745
3597,0.77717745
3598,0.77717745
3599,0.77717745
3600,0.77717745
3601,0.77717745
3602,0.77717745
3603,0.77717745
3604,0.7814094
3605,0.77717745
3606,0.77717745
3607,0.77717745
3608,0.77717745
3609,0.7814094
3610,0.77717745
3611,0.77717745
3612,0.77717745
3613,0.77717745
3614,0.77717745
3615,0.77717745
3616,0.77717745
3617,0.77717745
3618,0.77717745
3619,0.7814094
3620,0.77717745
3621,0.77717745
3622,0.77717745
3623,0.7814094
3624,0.7814094
3625,0.7814094
3626,0.77717745
3627,0.77717745
3628,0.77717745
3629,0.77717745
3630,0.77717745
3631,0.77717745
3632,0.77717745
3633,0.77717745
3634,0.77717745
3635,0.77717745
3636,0.77717745
3637,0.77717745
3638,0.77717745
3639,0.77717745
3640,0.77717745
3641,0.77717745
3642,0.77717745
3643,0.77717745
3644,0.77717745
3645,0.77717745
3646,0.77717745
3647,0.77717745
3648,0.77717745
3649,0.77717745
3650,0.77717745
3651,0.77717745
3652,0.77717745
3653,0.77717745
3654,0.7814094
3655,0.77717745
3656,0.7814094
3657,0.77717745
3658,0.77717745
3659,0.77717745
3660,0.7814094
3661,0.77717745
3662,0.77717745
3663,0.77717745
3664,0.7814094
3665,0.7814094
3666,0.77717745
3667,0.77717745
3668,0.77717745
3669,0.77717745
3670,0.77717745
3671,0.7814094
3672,0.7814094
3673,0.77717745
3674,0.77717745
3675,0.77717745
3676,0.77717745
3677,0.77717745
3678,0.77717745
3679,0.77717745
3680,0.77717745
3681,0.77717745
3682,0.77717745
3683,0.77717745
3684,0.77717745
3685,0.7814094
3686,0.77717745
3687,0.77717745
3688,0.77717745
3689,0.77717745
3690,0.77717745
3691,0.77717745
3692,0.77717745
3693,0.77717745
3694,0.77717745
3695,0.77717745
3696,0.77717745
3697,0.77717745
3698,0.77717745
3699,0.77717745
3700,0.77717745
3701,0.77717745
3702,0.77717745
3703,0.77717745
3704,0.77717745
3705,0.77717745
3706,0.77717745
3707,0.7814094
3708,0.77717745
3709,0.77717745
3710,0.77717745
3711,0.77717745
3712,0.77717745
3713,0.77717745
3714,0.7814094
3715,0.77717745
3716,0.77717745
3717,0.7814094
3718,0.77717745
3719,0.77717745
3720,0.77717745
3721,0.77717745
3722,0.77717745
3723,0.77717745
3724,0.77717745
3725,0.77717745
3726,0.77717745
3727,0.77717745
3728,0.77717745
3729,0.77717745
3730,0.77717745
3731,0.77717745
3732,0.77717745
3733,0.77717745
3734,0.7814094
3735,0.77717745
3736,0.77717745
3737,0.77717745
3738,0.7814094
3739,0.77717745
3740,0.77717745
3741,0.77717745
3742,0.77717745
3743,0.77717745
3744,0.77717745
3745,0.77717745
3746,0.77717745
3747,0.77717745
3748,0.77717745
3749,0.77717745
3750,0.77717745
3751,0.77717745
3752,0.7814094
3753,0.77717745
3754,0.77717745
3755,0.77717745
3756,0.77717745
3757,0.77717745
3758,0.77717745
3759,0.77717745
3760,0.77717745
3761,0.77717745
3762,0.77717745
3763,0.77717745
3764,0.77717745
3765,0.77717745
3766,0.77717745
3767,0.77717745
3768,0.77717745
3769,0.77717745
3770,0.77717745
3771,0.77717745
3772,0.77717745
3773,0.77717745
3774,0.77717745
3775,0.77717745
3776,0.77717745
3777,0.77717745
3778,0.77717745
3779,0.77717745
3780,0.77717745
3781,0.77717745
3782,0.77717745
3783,0.77717745
3784,0.7908043
3785,0.77717745
3786,0.77717745
3787,0.77717745
3788,0.77717745
3789,0.77717745
3790,0.77717745
3791,0.77717745
3792,0.77717745
3793,0.77717745
3794,0.77717745
3795,0.77717745
3796,0.77717745
3797,0.77717745
3798,0.77717745
3799,0.77717745
3800,0.77717745
3801,0.77717745
3802,0.77717745
3803,0.77717745
3804,0.7814094
3805,0.7814094
3806,0.77717745
3807,0.77717745
3808,0.77717745
3809,0.77717745
3810,0.77717745
3811,0.77717745
3812,0.7814094
3813,0.77717745
3814,0.77717745
3815,0.77717745
3816,0.77717745
3817,0.77717745
3818,0.77717745
3819,0.77717745
3820,0.77717745
3821,0.77717745
3822,0.77717745
3823,0.77717745
3824,0.77717745
3825,0.77717745
3826,0.77717745
3827,0.77717745
3828,0.77717745
3829,0.77717745
3830,0.77717745
3831,0.77717745
3832,0.77717745
3833,0.77717745
3834,0.7814094
3835,0.7814094
3836,0.77717745
3837,0.77717745
3838,0.7814094
3839,0.77717745
3840,0.77717745
3841,0.7814094
3842,0.77717745
3843,0.77717745
3844,0.7814094
3845,0.77717745
3846,0.77717745
3847,0.77717745
3848,0.77717745
3849,0.77717745
3850,0.77717745
3851,0.77717745
3852,0.77717745
3853,0.77717745
3854,0.77717745
3855,0.77717745
3856,0.7814094
3857,0.77717745
3858,0.77717745
3859,0.77717745
3860,0.77717745
3861,0.77717745
3862,0.77717745
3863,0.77717745
3864,0.77717745
3865,0.77717745
3866,0.77717745
3867,0.77717745
3868,0.77717745
3869,0.77717745
3870,0.77717745
3871,0.77717745
3872,0.7908043
3873,0.77717745
3874,0.787234
3875,0.77717745
3876,0.77717745
3877,0.77717745
3878,0.77717745
3879,0.77717745
3880,0.77717745
3881,0.77717745
3882,0.77717745
3883,0.77717745
3884,0.77717745
3885,0.77717745
3886,0.77717745
3887,0.77717745
3888,0.77717745
3889,0.77717745
3890,0.77717745
3891,0.77717745
3892,0.77717745
3893,0.77717745
3894,0.77717745
3895,0.77717745
3896,0.77717745
3897,0.77717745
3898,0.77717745
3899,0.77717745
3900,0.77717745
3901,0.77717745
3902,0.77717745
3903,0.7814094
3904,0.77717745
3905,0.77717745
3906,0.77717745
3907,0.77717745
3908,0.77717745
3909,0.77717745
3910,0.77717745
3911,0.77717745
3912,0.77717745
3913,0.77717745
3914,0.77717745
3915,0.77717745
3916,0.7814094
3917,0.77717745
3918,0.77717745
3919,0.77717745
3920,0.77717745
3921,0.7814094
3922,0.77717745
3923,0.7814094
3924,0.77717745
3925,0.77717745
3926,0.7814094
3927,0.77717745
3928,0.77717745
3929,0.7814094
3930,0.77717745
3931,0.787234
3932,0.77717745
3933,0.77717745
3934,0.77717745
3935,0.77717745
3936,0.787234
3937,0.77717745
3938,0.77717745
3939,0.77717745
3940,0.77717745
3941,0.77717745
3942,0.77717745
3943,0.7814094
3944,0.77717745
3945,0.77717745
3946,0.7814094
3947,0.77717745
3948,0.77717745
3949,0.77717745
3950,0.77717745
3951,0.77717745
3952,0.7814094
3953,0.77717745
3954,0.77717745
3955,0.77717745
3956,0.77717745
3957,0.77717745
3958,0.77717745
3959,0.77717745
3960,0.77717745
3961,0.77717745
3962,0.77717745
3963,0.77717745
3964,0.77717745
3965,0.7814094
3966,0.77717745
3967,0.77717745
3968,0.77717745
3969,0.77717745
3970,0.77717745
3971,0.77717745
3972,0.77717745
3973,0.7814094
3974,0.77717745
3975,0.77717745
3976,0.77717745
3977,0.7814094
3978,0.77717745
3979,0.77717745
3980,0.7814094
3981,0.77717745
3982,0.77717745
3983,0.77717745
3984,0.77717745
3985,0.77717745
3986,0.77717745
3987,0.77717745
3988,0.77717745
3989,0.77717745
3990,0.77717745
3991,0.77717745
3992,0.77717745
3993,0.77717745
3994,0.77717745
3995,0.77717745
3996,0.77717745
3997,0.77717745
3998,0.77717745
3999,0.77717745
4000,0.7814094
4001,0.77717745
4002,0.77717745
4003,0.77717745
4004,0.77717745
4005,0.77717745
4006,0.77717745
4007,0.77717745
4008,0.77717745
4009,0.7814094
4010,0.77717745
4011,0.77717745
4012,0.77717745
4013,0.77717745
4014,0.7814094
4015,0.77717745
4016,0.77717745
4017,0.77717745
4018,0.77717745
4019,0.77717745
4020,0.77717745
4021,0.77717745
4022,0.77717745
4023,0.77717745
4024,0.7814094
4025,0.77717745
4026,0.77717745
4027,0.77717745
4028,0.77717745
4029,0.77717745
4030,0.77717745
4031,0.7814094
4032,0.77717745
4033,0.77717745
4034,0.77717745
4035,0.77717745
4036,0.77717745
4037,0.77717745
4038,0.77717745
4039,0.77717745
4040,0.77717745
4041,0.7814094
4042,0.77717745
4043,0.77717745
4044,0.77717745
4045,0.77717745
4046,0.77717745
4047,0.77717745
4048,0.77717745
4049,0.7814094
4050,0.77717745
4051,0.7814094
4052,0.77717745
4053,0.77717745
4054,0.787234
4055,0.77717745
4056,0.77717745
4057,0.77717745
4058,0.7814094
4059,0.7814094
4060,0.77717745
4061,0.77717745
4062,0.7814094
4063,0.77717745
4064,0.77717745
4065,0.77717745
4066,0.7814094
4067,0.7814094
4068,0.77717745
4069,0.77717745
4070,0.77717745
4071,0.77717745
4072,0.77717745
4073,0.77717745
4074,0.77717745
4075,0.77717745
4076,0.77717745
4077,0.77717745
4078,0.77717745
4079,0.77717745
4080,0.77717745
4081,0.77717745
4082,0.77717745
4083,0.77717745
4084,0.7908043
4085,0.77717745
4086,0.7814094
4087,0.77717745
4088,0.77717745
4089,0.77717745
4090,0.77717745
4091,0.77717745
4092,0.77717745
4093,0.7814094
4094,0.77717745
4095,0.77717745
4096,0.77717745
4097,0.77717745
4098,0.77717745
4099,0.77717745
4100,0.77717745
4101,0.77717745
4102,0.77717745
4103,0.77717745
4104,0.7814094
4105,0.77717745
4106,0.77717745
4107,0.77717745
4108,0.77717745
4109,0.77717745
4110,0.77717745
4111,0.77717745
4112,0.77717745
4113,0.7814094
4114,0.77717745
4115,0.77717745
4116,0.7814094
4117,0.77717745
4118,0.7814094
4119,0.77717745
4120,0.77717745
4121,0.77717745
4122,0.77717745
4123,0.77717745
4124,0.77717745
4125,0.77717745
4126,0.77717745
4127,0.77717745
4128,0.77717745
4129,0.7814094
4130,0.77717745
4131,0.77717745
4132,0.77717745
4133,0.77717745
4134,0.7814094
4135,0.77717745
4136,0.77717745
4137,0.77717745
4138,0.77717745
4139,0.77717745
4140,0.77717745
4141,0.77717745
4142,0.7814094
4143,0.77717745
4144,0.77717745
4145,0.77717745
4146,0.77717745
4147,0.77717745
4148,0.77717745
4149,0.77717745
4150,0.77717745
4151,0.77717745
4152,0.77717745
4153,0.77717745
4154,0.77717745
4155,0.77717745
4156,0.77717745
4157,0.77717745
4158,0.77717745
4159,0.77717745
4160,0.77717745
4161,0.77717745
4162,0.77717745
4163,0.77717745
4164,0.77717745
4165,0.77717745
4166,0.77717745
4167,0.77717745
4168,0.77717745
4169,0.77717745
4170,0.77717745
4171,0.77717745
4172,0.77717745
4173,0.77717745
4174,0.77717745
4175,0.77717745
4176,0.77717745
4177,0.77717745
4178,0.77717745
4179,0.77717745
4180,0.7814094
4181,0.77717745
4182,0.77717745
4183,0.77717745
4184,0.77717745
4185,0.77717745
4186,0.77717745
4187,0.77717745
4188,0.77717745
4189,0.7814094
4190,0.77717745
4191,0.77717745
4192,0.77717745
4193,0.77717745
4194,0.77717745
4195,0.77717745
4196,0.77717745
4197,0.77717745
4198,0.7814094
4199,0.77717745
4200,0.7814094
4201,0.7814094
4202,0.77717745
4203,0.77717745
4204,0.7814094
4205,0.7814094
4206,0.7814094
4207,0.77717745
4208,0.77717745
4209,0.77717745
4210,0.7814094
4211,0.77717745
4212,0.77717745
4213,0.77717745
4214,0.77717745
4215,0.77717745
4216,0.77717745
4217,0.77717745
4218,0.77717745
4219,0.77717745
4220,0.77717745
4221,0.77717745
4222,0.77717745
4223,0.77717745
4224,0.77717745
4225,0.77717745
4226,0.7814094
4227,0.77717745
4228,0.77717745
4229,0.77717745
4230,0.77717745
4231,0.77717745
4232,0.77717745
4233,0.77717745
4234,0.77717745
4235,0.77717745
4236,0.77717745
4237,0.77717745
4238,0.77717745
4239,0.77717745
4240,0.77717745
4241,0.77717745
4242,0.77717745
4243,0.77717745
4244,0.77717745
4245,0.77717745
4246,0.77717745
4247,0.7814094
4248,0.7814094
4249,0.77717745
4250,0.77717745
4251,0.77717745
4252,0.77717745
4253,0.77717745
4254,0.77717745
4255,0.77717745
4256,0.77717745
4257,0.7814094
4258,0.77717745
4259,0.77717745
4260,0.77717745
4261,0.77717745
4262,0.77717745
4263,0.77717745
4264,0.77717745
4265,0.77717745
4266,0.77717745
4267,0.77717745
4268,0.77717745
4269,0.77717745
4270,0.77717745
4271,0.77717745
4272,0.77717745
4273,0.77717745
4274,0.77717745
4275,0.77717745
4276,0.77717745
4277,0.77717745
4278,0.77717745
4279,0.77717745
4280,0.77717745
4281,0.77717745
4282,0.77717745
4283,0.7814094
4284,0.77717745
4285,0.77717745
4286,0.77717745
4287,0.77717745
4288,0.77717745
4289,0.77717745
4290,0.77717745
4291,0.77717745
4292,0.7814094
4293,0.77717745
4294,0.77717745
4295,0.77717745
4296,0.77717745
4297,0.77717745
4298,0.77717745
4299,0.77717745
4300,0.77717745
4301,0.7814094
4302,0.787234
4303,0.7814094
4304,0.77717745
4305,0.77717745
4306,0.77717745
4307,0.77717745
4308,0.7908043
4309,0.77717745
4310,0.7814094
4311,0.77717745
4312,0.77717745
4313,0.7814094
4314,0.77717745
4315,0.77717745
4316,0.77717745
4317,0.77717745
4318,0.77717745
4319,0.77717745
4320,0.77717745
4321,0.77717745
4322,0.77717745
4323,0.77717745
4324,0.77717745
4325,0.77717745
4326,0.7814094
4327,0.7814094
4328,0.77717745
4329,0.77717745
4330,0.77717745
4331,0.7814094
4332,0.77717745
4333,0.7814094
4334,0.77717745
4335,0.77717745
4336,0.77717745
4337,0.77717745
4338,0.77717745
4339,0.77717745
4340,0.77717745
4341,0.77717745
4342,0.77717745
4343,0.77717745
4344,0.77717745
4345,0.77717745
4346,0.77717745
4347,0.7814094
4348,0.77717745
4349,0.77717745
4350,0.7814094
4351,0.7814094
4352,0.77717745
4353,0.77717745
4354,0.77717745
4355,0.77717745
4356,0.7814094
4357,0.77717745
4358,0.77717745
4359,0.77717745
4360,0.77717745
4361,0.7814094
4362,0.7814094
4363,0.77717745
4364,0.77717745
4365,0.77717745
4366,0.77717745
4367,0.77717745
4368,0.77717745
4369,0.77717745
4370,0.7814094
4371,0.7908043
4372,0.77717745
4373,0.7814094
4374,0.77717745
4375,0.77717745
4376,0.77717745
4377,0.77717745
4378,0.77717745
4379,0.77717745
4380,0.77717745
4381,0.77717745
4382,0.77717745
4383,0.77717745
4384,0.77717745
4385,0.77717745
4386,0.77717745
4387,0.77717745
4388,0.77717745
4389,0.77717745
4390,0.77717745
4391,0.77717745
4392,0.77717745
4393,0.77717745
4394,0.77717745
4395,0.77717745
4396,0.77717745
4397,0.77717745
4398,0.7814094
4399,0.787234
4400,0.77717745
4401,0.7814094
4402,0.77717745
4403,0.77717745
4404,0.77717745
4405,0.77717745
4406,0.77717745
4407,0.77717745
4408,0.77717745
4409,0.77717745
4410,0.77717745
4411,0.77717745
4412,0.77717745
4413,0.77717745
4414,0.77717745
4415,0.77717745
4416,0.77717745
4417,0.77717745
4418,0.77717745
4419,0.77717745
4420,0.77717745
4421,0.77717745
4422,0.7814094
4423,0.787234
4424,0.77717745
4425,0.7814094
4426,0.77717745
4427,0.77717745
4428,0.77717745
4429,0.7814094
4430,0.77717745
4431,0.77717745
4432,0.77717745
4433,0.77717745
4434,0.77717745
4435,0.77717745
4436,0.77717745
4437,0.77717745
4438,0.77717745
4439,0.77717745
4440,0.7814094
4441,0.77717745
4442,0.77717745
4443,0.77717745
4444,0.77717745
4445,0.77717745
4446,0.77717745
4447,0.77717745
4448,0.77717745
4449,0.77717745
4450,0.77717745
4451,0.77717745
4452,0.77717745
4453,0.77717745
4454,0.77717745
4455,0.77717745
4456,0.77717745
4457,0.77717745
4458,0.7814094
4459,0.77717745
4460,0.77717745
4461,0.77717745
4462,0.77717745
4463,0.77717745
4464,0.77717745
4465,0.77717745
4466,0.77717745
4467,0.77717745
4468,0.77717745
4469,0.77717745
4470,0.77717745
4471,0.7814094
4472,0.7814094
4473,0.77717745
4474,0.77717745
4475,0.77717745
4476,0.77717745
4477,0.77717745
4478,0.77717745
4479,0.77717745
4480,0.7814094
4481,0.77717745
4482,0.7814094
4483,0.77717745
4484,0.77717745
4485,0.77717745
4486,0.77717745
4487,0.77717745
4488,0.77717745
4489,0.77717745
4490,0.77717745
4491,0.77717745
4492,0.77717745
4493,0.77717745
4494,0.77717745
4495,0.77717745
4496,0.77717745
4497,0.77717745
4498,0.77717745
4499,0.77717745
4500,0.77717745
4501,0.77717745
4502,0.77717745
4503,0.77717745
4504,0.77717745
4505,0.77717745
4506,0.77717745
4507,0.77717745
4508,0.77717745
4509,0.7814094
4510,0.77717745
4511,0.77717745
4512,0.77717745
4513,0.77717745
4514,0.77717745
4515,0.7814094
4516,0.77717745
4517,0.77717745
4518,0.77717745
4519,0.7814094
4520,0.77717745
4521,0.77717745
4522,0.77717745
4523,0.77717745
4524,0.77717745
4525,0.77717745
4526,0.77717745
4527,0.77717745
4528,0.77717745
4529,0.77717745
4530,0.77717745
4531,0.77717745
4532,0.77717745
4533,0.77717745
4534,0.7814094
4535,0.77717745
4536,0.77717745
4537,0.77717745
4538,0.7814094
4539,0.77717745
4540,0.77717745
4541,0.7814094
4542,0.77717745
4543,0.7814094
4544,0.77717745
4545,0.77717745
4546,0.77717745
4547,0.77717745
4548,0.77717745
4549,0.77717745
4550,0.77717745
4551,0.77717745
4552,0.77717745
4553,0.77717745
4554,0.77717745
4555,0.77717745
4556,0.77717745
4557,0.7814094
4558,0.77717745
4559,0.77717745
4560,0.77717745
4561,0.77717745
4562,0.77717745
4563,0.77717745
4564,0.77717745
4565,0.77717745
4566,0.7814094
4567,0.77717745
4568,0.77717745
4569,0.77717745
4570,0.77717745
4571,0.77717745
4572,0.77717745
4573,0.77717745
4574,0.77717745
4575,0.77717745
4576,0.77717745
4577,0.77717745
4578,0.77717745
4579,0.77717745
4580,0.77717745
4581,0.77717745
4582,0.77717745
4583,0.77717745
4584,0.77717745
4585,0.7814094
4586,0.77717745
4587,0.77717745
4588,0.77717745
4589,0.77717745
4590,0.7814094
4591,0.77717745
4592,0.77717745
4593,0.7814094
4594,0.77717745
4595,0.77717745
4596,0.77717745
4597,0.77717745
4598,0.77717745
4599,0.77717745
4600,0.77717745
4601,0.77717745
4602,0.77717745
4603,0.77717745
4604,0.77717745
4605,0.77717745
4606,0.77717745
4607,0.77717745
4608,0.77717745
4609,0.77717745
4610,0.77717745
4611,0.77717745
4612,0.77717745
4613,0.77717745
4614,0.77717745
4615,0.77717745
4616,0.77717745
4617,0.77717745
4618,0.77717745
4619,0.77717745
4620,0.7814094
4621,0.77717745
4622,0.7814094
4623,0.77717745
4624,0.77717745
4625,0.77717745
4626,0.77717745
4627,0.77717745
4628,0.77717745
4629,0.77717745
4630,0.77717745
4631,0.77717745
4632,0.77717745
4633,0.77717745
4634,0.77717745
4635,0.77717745
4636,0.77717745
4637,0.77717745
4638,0.77717745
4639,0.77717745
4640,0.77717745
4641,0.77717745
4642,0.77717745
4643,0.77717745
4644,0.77717745
4645,0.77717745
4646,0.77717745
4647,0.77717745
4648,0.77717745
4649,0.7814094
4650,0.77717745
4651,0.77717745
4652,0.77717745
4653,0.77717745
4654,0.77717745
4655,0.77717745
4656,0.77717745
4657,0.77717745
4658,0.7814094
4659,0.77717745
4660,0.77717745
4661,0.77717745
4662,0.77717745
4663,0.77717745
4664,0.77717745
4665,0.77717745
4666,0.77717745
4667,0.77717745
4668,0.77717745
4669,0.77717745
4670,0.77717745
4671,0.77717745
4672,0.77717745
4673,0.77717745
4674,0.77717745
4675,0.77717745
4676,0.77717745
4677,0.77717745
4678,0.77717745
4679,0.77717745
4680,0.77717745
4681,0.77717745
4682,0.77717745
4683,0.7814094
4684,0.77717745
4685,0.77717745
4686,0.7814094
4687,0.77717745
4688,0.77717745
4689,0.7814094
4690,0.7814094
4691,0.77717745
4692,0.77717745
4693,0.77717745
4694,0.77717745
4695,0.77717745
4696,0.7774707
4697,0.77717745
4698,0.77717745
4699,0.7814094
4700,0.77717745
4701,0.77717745
4702,0.77717745
4703,0.77717745
4704,0.77717745
4705,0.77717745
4706,0.77717745
4707,0.77717745
4708,0.77717745
4709,0.7814094
4710,0.77717745
4711,0.77717745
4712,0.77717745
4713,0.77717745
4714,0.77717745
4715,0.77717745
4716,0.77717745
4717,0.77717745
4718,0.77717745
4719,0.77717745
4720,0.77717745
4721,0.77717745
4722,0.77717745
4723,0.77717745
4724,0.77717745
4725,0.77717745
4726,0.77717745
4727,0.77717745
4728,0.77717745
4729,0.77717745
4730,0.77717745
4731,0.77717745
4732,0.7814094
4733,0.77717745
4734,0.77717745
4735,0.77717745
4736,0.77717745
4737,0.77717745
4738,0.77717745
4739,0.7814094
4740,0.77717745
4741,0.77717745
4742,0.77717745
4743,0.77717745
4744,0.77717745
4745,0.77717745
4746,0.77717745
4747,0.77717745
4748,0.77717745
4749,0.77717745
4750,0.787234
4751,0.77717745
4752,0.77717745
4753,0.77717745
4754,0.77717745
4755,0.77717745
4756,0.77717745
4757,0.77717745
4758,0.77717745
4759,0.77717745
4760,0.77717745
4761,0.77717745
4762,0.77717745
4763,0.77717745
4764,0.77717745
4765,0.77717745
4766,0.77717745
4767,0.77717745
4768,0.77717745
4769,0.77717745
4770,0.77717745
4771,0.77717745
4772,0.77717745
4773,0.77717745
4774,0.77717745
4775,0.77717745
4776,0.77717745
4777,0.7814094
4778,0.7814094
4779,0.77717745
4780,0.7814094
4781,0.77717745
4782,0.77717745
4783,0.77717745
4784,0.77717745
4785,0.7814094
4786,0.77717745
4787,0.77717745
4788,0.77717745
4789,0.77717745
4790,0.77717745
4791,0.77717745
4792,0.77717745
4793,0.77717745
4794,0.77717745
4795,0.77717745
4796,0.77717745
4797,0.7814094
4798,0.77717745
4799,0.77717745
4800,0.77717745
4801,0.7814094
4802,0.7814094
4803,0.77717745
4804,0.77717745
4805,0.77717745
4806,0.77717745
4807,0.77717745
4808,0.77717745
4809,0.77717745
4810,0.77717745
4811,0.77717745
4812,0.7814094
4813,0.7814094
4814,0.77717745
4815,0.77717745
4816,0.77717745
4817,0.77717745
4818,0.77717745
4819,0.77717745
4820,0.77717745
4821,0.77717745
4822,0.77717745
4823,0.77717745
4824,0.77717745
4825,0.77717745
4826,0.77717745
4827,0.790131
4828,0.7814094
4829,0.77717745
4830,0.7814094
4831,0.77717745
4832,0.77717745
4833,0.77717745
4834,0.77717745
4835,0.77717745
4836,0.77717745
4837,0.77717745
4838,0.77717745
4839,0.77717745
4840,0.77717745
4841,0.77717745
4842,0.77717745
4843,0.7814094
4844,0.77717745
4845,0.77717745
4846,0.77717745
4847,0.77717745
4848,0.77717745
4849,0.77717745
4850,0.77717745
4851,0.77717745
4852,0.77717745
4853,0.77717745
4854,0.77717745
4855,0.77717745
4856,0.77717745
4857,0.77717745
4858,0.7814094
4859,0.77717745
4860,0.77717745
4861,0.7814094
4862,0.77717745
4863,0.77717745
4864,0.7814094
4865,0.77717745
4866,0.77717745
4867,0.77717745
4868,0.7814094
4869,0.77717745
4870,0.77717745
4871,0.77717745
4872,0.77717745
4873,0.77717745
4874,0.77717745
4875,0.77717745
4876,0.77717745
4877,0.7814094
4878,0.77717745
4879,0.77717745
4880,0.77717745
4881,0.77717745
4882,0.77717745
4883,0.77717745
4884,0.77717745
4885,0.77717745
4886,0.77717745
4887,0.77717745
4888,0.77717745
4889,0.77717745
4890,0.7814094
4891,0.77717745
4892,0.77717745
4893,0.77717745
4894,0.77717745
4895,0.77717745
4896,0.77717745
4897,0.77717745
4898,0.77717745
4899,0.77717745
4900,0.77717745
4901,0.77717745
4902,0.77717745
4903,0.77717745
4904,0.77717745
4905,0.77717745
4906,0.77717745
4907,0.77717745
4908,0.77717745
4909,0.77717745
4910,0.77717745
4911,0.77717745
4912,0.77717745
4913,0.77717745
4914,0.7814094
4915,0.77717745
4916,0.77717745
4917,0.7814094
4918,0.7814094
4919,0.77717745
4920,0.77717745
4921,0.77717745
4922,0.77717745
4923,0.77717745
4924,0.790131
4925,0.77717745
4926,0.77717745
4927,0.77717745
4928,0.77717745
4929,0.77717745
4930,0.77717745
4931,0.77717745
4932,0.77717745
4933,0.77717745
4934,0.7814094
4935,0.77717745
4936,0.77717745
4937,0.77717745
4938,0.7814094
4939,0.77717745
4940,0.77717745
4941,0.77717745
4942,0.77717745
4943,0.77717745
4944,0.77717745
4945,0.77717745
4946,0.77717745
4947,0.77717745
4948,0.77717745
4949,0.77717745
4950,0.77717745
4951,0.77717745
4952,0.77717745
4953,0.77717745
4954,0.77717745
4955,0.7814094
4956,0.77717745
4957,0.7814094
4958,0.77717745
4959,0.77717745
4960,0.77717745
4961,0.7814094
4962,0.77717745
4963,0.77717745
4964,0.77717745
4965,0.7814094
4966,0.7814094
4967,0.7814094
4968,0.77717745
4969,0.77717745
4970,0.77717745
4971,0.77717745
4972,0.77717745
4973,0.77717745
4974,0.77717745
4975,0.77717745
4976,0.7814094
4977,0.77717745
4978,0.77717745
4979,0.77717745
4980,0.77717745
4981,0.77717745
4982,0.77717745
4983,0.77717745
4984,0.77717745
4985,0.7814094
4986,0.77717745
4987,0.77717745
4988,0.7814094
4989,0.77717745
4990,0.77717745
4991,0.77717745
4992,0.77717745
4993,0.77717745
4994,0.77717745
4995,0.77717745
4996,0.77717745
4997,0.77717745
4998,0.77717745
4999,0.77717745
5000,0.77717745
5001,0.77717745
5002,0.77717745
5003,0.77717745
5004,0.7814094
5005,0.77717745
5006,0.77717745
5007,0.77717745
5008,0.77717745
5009,0.77717745
5010,0.7908043
5011,0.77717745
5012,0.77717745
5013,0.77717745
5014,0.77717745
5015,0.77717745
5016,0.7814094
5017,0.7814094
5018,0.77717745
5019,0.77717745
5020,0.77717745
5021,0.7814094
5022,0.77717745
5023,0.77717745
5024,0.7814094
5025,0.77717745
5026,0.77717745
5027,0.77717745
5028,0.77717745
5029,0.77717745
5030,0.77717745
5031,0.77717745
5032,0.77717745
5033,0.77717745
5034,0.77717745
5035,0.77717745
5036,0.77717745
5037,0.7814094
5038,0.7814094
5039,0.77717745
5040,0.77717745
5041,0.7814094
5042,0.787234
5043,0.77717745
5044,0.77717745
5045,0.77717745
5046,0.77717745
5047,0.7814094
5048,0.77717745
5049,0.77717745
5050,0.77717745
5051,0.7814094
5052,0.77717745
5053,0.77717745
5054,0.77717745
5055,0.77717745
5056,0.77717745
5057,0.77717745
5058,0.77717745
5059,0.77717745
5060,0.77717745
5061,0.77717745
5062,0.77717745
5063,0.77717745
5064,0.77717745
5065,0.77717745
5066,0.77717745
5067,0.77717745
5068,0.77717745
5069,0.77717745
5070,0.77717745
5071,0.77717745
5072,0.77717745
5073,0.77717745
5074,0.77717745
5075,0.77717745
5076,0.77717745
5077,0.77717745
5078,0.7814094
5079,0.77717745
5080,0.77717745
5081,0.77717745
5082,0.77717745
5083,0.77717745
5084,0.77717745
5085,0.77717745
5086,0.77717745
5087,0.77717745
5088,0.77717745
5089,0.77717745
5090,0.77717745
5091,0.77717745
5092,0.77717745
5093,0.77717745
5094,0.77717745
5095,0.77717745
5096,0.77717745
5097,0.77717745
5098,0.77717745
5099,0.77717745
5100,0.77717745
5101,0.77717745
5102,0.77717745
5103,0.77717745
5104,0.77717745
5105,0.77717745
5106,0.77717745
5107,0.77717745
5108,0.77717745
5109,0.77717745
5110,0.77717745
5111,0.77717745
5112,0.7814094
5113,0.77717745
5114,0.77717745
5115,0.77717745
5116,0.77717745
5117,0.77717745
5118,0.77717745
5119,0.77717745
5120,0.77717745
5121,0.77717745
5122,0.77717745
5123,0.77717745
5124,0.77717745
5125,0.77717745
5126,0.77717745
5127,0.7814094
5128,0.77717745
5129,0.77717745
5130,0.77717745
5131,0.77717745
5132,0.77717745
5133,0.77717745
5134,0.77717745
5135,0.77717745
5136,0.77717745
5137,0.77717745
5138,0.77717745
5139,0.77717745
5140,0.77717745
5141,0.77717745
5142,0.77717745
5143,0.77717745
5144,0.77717745
5145,0.77717745
5146,0.77717745
5147,0.77717745
5148,0.77717745
5149,0.77717745
5150,0.77717745
5151,0.790131
5152,0.77717745
5153,0.7814094
5154,0.77717745
5155,0.77717745
5156,0.77717745
5157,0.77717745
5158,0.77717745
5159,0.77717745
5160,0.77717745
5161,0.77717745
5162,0.77717745
5163,0.7771799
5164,0.77717745
5165,0.77717745
5166,0.7814094
5167,0.7814094
5168,0.77717745
5169,0.7814094
5170,0.77717745
5171,0.77717745
5172,0.77717745
5173,0.77717745
5174,0.77717745
5175,0.7814094
5176,0.77717745
5177,0.77717745
5178,0.77717745
5179,0.77717745
5180,0.77717745
5181,0.77717745
5182,0.77717745
5183,0.77717745
5184,0.77717745
5185,0.77717745
5186,0.77717745
5187,0.77717745
5188,0.7814094
5189,0.77717745
5190,0.77717745
5191,0.77717745
5192,0.77717745
5193,0.7814094
5194,0.77717745
5195,0.77717745
5196,0.77717745
5197,0.77717745
5198,0.77717745
5199,0.7814094
5200,0.77717745
5201,0.77717745
5202,0.77717745
5203,0.77717745
5204,0.77717745
5205,0.77717745
5206,0.77717745
5207,0.77717745
5208,0.77717745
5209,0.77717745
5210,0.77717745
5211,0.77717745
5212,0.77717745
5213,0.77717745
5214,0.77717745
5215,0.77717745
5216,0.77717745
5217,0.77717745
5218,0.77717745
5219,0.77717745
5220,0.77717745
5221,0.77717745
5222,0.77717745
5223,0.77717745
5224,0.7814094
5225,0.77717745
5226,0.77717745
5227,0.77717745
5228,0.77717745
5229,0.77717745
5230,0.77717745
5231,0.77717745
5232,0.77717745
5233,0.77717745
5234,0.7814094
5235,0.77717745
5236,0.77717745
5237,0.77717745
5238,0.77717745
5239,0.7814094
5240,0.77717745
5241,0.77717745
5242,0.77717745
5243,0.77717745
5244,0.77717745
5245,0.77717745
5246,0.77717745
5247,0.77717745
5248,0.7814094
5249,0.7814094
5250,0.77717745
5251,0.77717745
5252,0.7814094
5253,0.77717745
5254,0.7814094
5255,0.77717745
5256,0.7814094
5257,0.77717745
5258,0.77717745
5259,0.77717745
5260,0.77717745
5261,0.77717745
5262,0.77717745
5263,0.77717745
5264,0.77717745
5265,0.77717745
5266,0.77717745
5267,0.77717745
5268,0.77717745
5269,0.77717745
5270,0.77717745
5271,0.7814094
5272,0.77717745
5273,0.77717745
5274,0.77717745
5275,0.77717745
5276,0.77717745
5277,0.77717745
5278,0.77717745
5279,0.77717745
5280,0.77717745
5281,0.77717745
5282,0.77717745
5283,0.7814094
5284,0.77717745
5285,0.77717745
5286,0.790131
5287,0.77717745
5288,0.77717745
5289,0.7814094
5290,0.7814094
5291,0.77717745
5292,0.77717745
5293,0.77717745
5294,0.77717745
5295,0.77717745
5296,0.77717745
5297,0.77717745
5298,0.77717745
5299,0.7814094
5300,0.77717745
5301,0.77717745
5302,0.7814094
5303,0.77717745
5304,0.77717745
5305,0.77717745
5306,0.77717745
5307,0.77717745
5308,0.77717745
5309,0.7814094
5310,0.77717745
5311,0.77717745
5312,0.77717745
5313,0.7814094
5314,0.77717745
5315,0.77717745
5316,0.77717745
5317,0.77717745
5318,0.7908043
5319,0.77717745
5320,0.77717745
5321,0.77717745
5322,0.77717745
5323,0.77717745
5324,0.77717745
5325,0.77717745
5326,0.77717745
5327,0.77717745
5328,0.77717745
5329,0.787234
5330,0.77717745
5331,0.7814094
5332,0.77717745
5333,0.77717745
5334,0.77717745
5335,0.7814094
5336,0.77717745
5337,0.77717745
5338,0.77717745
5339,0.77717745
5340,0.77717745
5341,0.77717745
5342,0.77717745
5343,0.77717745
5344,0.79140604
5345,0.77717745
5346,0.77717745
5347,0.77717745
5348,0.77717745
5349,0.77717745
5350,0.77717745
5351,0.77717745
5352,0.77717745
5353,0.77717745
5354,0.7814094
5355,0.77717745
5356,0.77717745
5357,0.7814094
5358,0.77717745
5359,0.7814094
5360,0.77717745
5361,0.77717745
5362,0.77717745
5363,0.77717745
5364,0.77717745
5365,0.77717745
5366,0.77717745
5367,0.77717745
5368,0.77717745
5369,0.77717745
5370,0.77717745
5371,0.77717745
5372,0.77717745
5373,0.77717745
5374,0.77717745
5375,0.77717745
5376,0.77717745
5377,0.77717745
5378,0.77717745
5379,0.77717745
5380,0.77717745
5381,0.7814094
5382,0.77717745
5383,0.77717745
5384,0.77717745
5385,0.77717745
5386,0.77717745
5387,0.77717745
5388,0.7814094
5389,0.77717745
5390,0.77717745
5391,0.77717745
5392,0.77717745
5393,0.77717745
5394,0.77717745
5395,0.77717745
5396,0.77717745
5397,0.7814094
5398,0.7814094
5399,0.787234
5400,0.77717745
5401,0.7814094
5402,0.77717745
5403,0.7814094
5404,0.77717745
5405,0.77717745
5406,0.77717745
5407,0.77717745
5408,0.77717745
5409,0.77717745
5410,0.77717745
5411,0.77717745
5412,0.77717745
5413,0.77717745
5414,0.7908043
5415,0.77717745
5416,0.77717745
5417,0.77717745
5418,0.77717745
5419,0.77717745
5420,0.77717745
5421,0.77717745
5422,0.77717745
5423,0.77717745
5424,0.77717745
5425,0.77717745
5426,0.77717745
5427,0.77717745
5428,0.77717745
5429,0.7814094
5430,0.77717745
5431,0.77717745
5432,0.77717745
5433,0.7814094
5434,0.77717745
5435,0.77717745
5436,0.77717745
5437,0.77717745
5438,0.77717745
5439,0.77717745
5440,0.77717745
5441,0.77717745
5442,0.7814094
5443,0.77717745
5444,0.77717745
5445,0.7814094
5446,0.77717745
5447,0.77717745
5448,0.77717745
5449,0.77717745
5450,0.77717745
5451,0.77717745
5452,0.77717745
5453,0.77717745
5454,0.77717745
5455,0.77717745
5456,0.77717745
5457,0.77717745
5458,0.77717745
5459,0.77717745
5460,0.77717745
5461,0.77717745
5462,0.77717745
5463,0.77717745
5464,0.7814094
5465,0.77717745
5466,0.77717745
5467,0.7814094
5468,0.77717745
5469,0.77717745
5470,0.77717745
5471,0.77717745
5472,0.7814094
5473,0.7814094
5474,0.77717745
5475,0.77717745
5476,0.77717745
5477,0.7814094
5478,0.77717745
5479,0.7814094
5480,0.77717745
5481,0.77717745
5482,0.77717745
5483,0.77717745
5484,0.77717745
5485,0.77717745
5486,0.77717745
5487,0.77717745
5488,0.7814094
5489,0.77717745
5490,0.77717745
5491,0.77717745
5492,0.77717745
5493,0.77717745
5494,0.7814094
5495,0.77717745
5496,0.77717745
5497,0.77717745
5498,0.77717745
5499,0.77717745
5500,0.77717745
5501,0.77717745
5502,0.77717745
5503,0.77717745
5504,0.77717745
5505,0.77717745
5506,0.7814094
5507,0.77717745
5508,0.77717745
5509,0.77717745
5510,0.77717745
5511,0.77717745
5512,0.77717745
5513,0.77717745
5514,0.77717745
5515,0.77717745
5516,0.77717745
5517,0.77717745
5518,0.77717745
5519,0.77717745
5520,0.77717745
5521,0.77717745
5522,0.77717745
5523,0.77717745
5524,0.77717745
5525,0.77717745
5526,0.77717745
5527,0.77717745
5528,0.77717745
5529,0.77717745
5530,0.77717745
5531,0.77717745
5532,0.77717745
5533,0.77717745
5534,0.77717745
5535,0.77717745
5536,0.77717745
5537,0.77717745
5538,0.77717745
5539,0.7814094
5540,0.77717745
5541,0.7814094
5542,0.77717745
5543,0.77717745
5544,0.77717745
5545,0.77717745
5546,0.77717745
5547,0.77717745
5548,0.77717745
5549,0.77717745
5550,0.77717745
5551,0.77717745
5552,0.77717745
5553,0.77717745
5554,0.7814094
5555,0.77717745
5556,0.77717745
5557,0.77717745
5558,0.77717745
5559,0.77717745
5560,0.77717745
5561,0.77717745
5562,0.78598934
5563,0.77717745
5564,0.7814094
5565,0.7814094
5566,0.77717745
5567,0.77717745
5568,0.77717745
5569,0.77717745
5570,0.77717745
5571,0.77717745
5572,0.77717745
5573,0.77717745
5574,0.77717745
5575,0.77717745
5576,0.7814094
5577,0.77717745
5578,0.77717745
5579,0.77717745
5580,0.77717745
5581,0.77717745
5582,0.77717745
5583,0.7814094
5584,0.77717745
5585,0.77717745
5586,0.77717745
5587,0.77717745
5588,0.7814094
5589,0.77717745
5590,0.77717745
5591,0.77717745
5592,0.77717745
5593,0.7814094
5594,0.77717745
5595,0.77717745
5596,0.77717745
5597,0.77717745
5598,0.77717745
5599,0.77717745
5600,0.77717745
5601,0.77717745
5602,0.7814094
5603,0.77717745
5604,0.7814094
5605,0.77717745
5606,0.7814094
5607,0.77717745
5608,0.77717745
5609,0.77717745
5610,0.77717745
5611,0.77717745
5612,0.77717745
5613,0.77717745
5614,0.7814094
5615,0.77717745
5616,0.77717745
5617,0.77717745
5618,0.77717745
5619,0.77717745
5620,0.77717745
5621,0.77717745
5622,0.77717745
5623,0.77717745
5624,0.77717745
5625,0.77717745
5626,0.77717745
5627,0.77717745
5628,0.77717745
5629,0.77717745
5630,0.77717745
5631,0.77717745
5632,0.77717745
5633,0.77717745
5634,0.77717745
5635,0.77717745
5636,0.77717745
5637,0.77717745
5638,0.7814094
5639,0.7814094
5640,0.77717745
5641,0.77717745
5642,0.77717745
5643,0.77717745
5644,0.77717745
5645,0.77717745
5646,0.77717745
5647,0.77717745
5648,0.77717745
5649,0.77717745
5650,0.77717745
5651,0.77717745
5652,0.77717745
5653,0.77717745
5654,0.77717745
5655,0.77717745
5656,0.77717745
5657,0.77717745
5658,0.78140926
5659,0.77717745
5660,0.77717745
5661,0.77717745
5662,0.77717745
5663,0.77717745
5664,0.77717745
5665,0.77717745
5666,0.77717745
5667,0.7814094
5668,0.77717745
5669,0.77717745
5670,0.77717745
5671,0.77717745
5672,0.7814094
5673,0.77717745
5674,0.77717745
5675,0.77717745
5676,0.7814094
5677,0.77717745
5678,0.77717745
5679,0.77717745
5680,0.77717745
5681,0.77717745
5682,0.77717745
5683,0.77717745
5684,0.7814094
5685,0.77717745
5686,0.7814094
5687,0.77717745
5688,0.77717745
5689,0.77717745
5690,0.77717745
5691,0.77717745
5692,0.77717745
5693,0.77717745
5694,0.77717745
5695,0.77717745
5696,0.77717745
5697,0.77717745
5698,0.77717745
5699,0.77717745
5700,0.7814094
5701,0.77717745
5702,0.77717745
5703,0.77717745
5704,0.77717745
5705,0.7814094
5706,0.77717745
5707,0.77717745
5708,0.77717745
5709,0.77717745
5710,0.77717745
5711,0.77717745
5712,0.77717745
5713,0.77717745
5714,0.77717745
5715,0.77717745
5716,0.77717745
5717,0.7814094
5718,0.77717745
5719,0.77717745
5720,0.77717745
5721,0.77717745
5722,0.77717745
5723,0.77717745
5724,0.77717745
5725,0.77717745
5726,0.77717745
5727,0.77717745
5728,0.77717745
5729,0.7814094
5730,0.790131
5731,0.77717745
5732,0.77717745
5733,0.77717745
5734,0.77717745
5735,0.77717745
5736,0.77717745
5737,0.77717745
5738,0.77717745
5739,0.77717745
5740,0.77717745
5741,0.77717745
5742,0.77717745
5743,0.77717745
5744,0.77717745
5745,0.77717745
5746,0.77717745
5747,0.77717745
5748,0.77717745
5749,0.77717745
5750,0.77717745
5751,0.77717745
5752,0.77717745
5753,0.77717745
5754,0.77717745
5755,0.77717745
5756,0.77717745
5757,0.77717745
5758,0.77717745
5759,0.77717745
5760,0.77717745
5761,0.77717745
5762,0.77717745
5763,0.77717745
5764,0.77717745
5765,0.77717745
5766,0.77717745
5767,0.77717745
5768,0.77717745
5769,0.77717745
5770,0.77717745
5771,0.77717745
5772,0.77717745
5773,0.77717745
5774,0.77717745
5775,0.77717745
5776,0.77717745
5777,0.77717745
5778,0.77717745
5779,0.77717745
5780,0.77717745
5781,0.77717745
5782,0.77717745
5783,0.7814094
5784,0.77717745
5785,0.77717745
5786,0.77717745
5787,0.7814094
5788,0.7814094
5789,0.77717745
5790,0.77717745
5791,0.77717745
5792,0.77717745
5793,0.7814094
5794,0.77717745
5795,0.787234
5796,0.77717745
5797,0.77717745
5798,0.77717745
5799,0.77717745
5800,0.77717745
5801,0.77717745
5802,0.77717745
5803,0.77717745
5804,0.77717745
5805,0.77717745
5806,0.77717745
5807,0.77717745
5808,0.7814094
5809,0.77717745
5810,0.7814094
5811,0.77717745
5812,0.77717745
5813,0.77717745
5814,0.77717745
5815,0.77717745
5816,0.77717745
5817,0.77717745
5818,0.77717745
5819,0.77717745
5820,0.77717745
5821,0.77717745
5822,0.77717745
5823,0.77717745
5824,0.77717745
5825,0.77717745
5826,0.77717745
5827,0.77717745
5828,0.77717745
5829,0.77717745
5830,0.77717745
5831,0.77717745
5832,0.77717745
5833,0.77717745
5834,0.77717745
5835,0.77717745
5836,0.77717745
5837,0.77717745
5838,0.77717745
5839,0.77717745
5840,0.77717745
5841,0.7814094
5842,0.77717745
5843,0.77717745
5844,0.77717745
5845,0.77717745
5846,0.77717745
5847,0.77717745
5848,0.77717745
5849,0.77717745
5850,0.77717745
5851,0.77717745
5852,0.77717745
5853,0.77717745
5854,0.77717745
5855,0.77717745
5856,0.77717745
5857,0.77717745
5858,0.77717745
5859,0.77717745
5860,0.77717745
5861,0.77717745
5862,0.77717745
5863,0.77717745
5864,0.77717745
5865,0.77717745
5866,0.77717745
5867,0.77717745
5868,0.77717745
5869,0.77717745
5870,0.77717745
5871,0.77717745
5872,0.77717745
5873,0.77717745
5874,0.77717745
5875,0.77717745
5876,0.787234
5877,0.7814094
5878,0.77717745
5879,0.77717745
5880,0.77717745
5881,0.77717745
5882,0.77717745
5883,0.77717745
5884,0.77717745
5885,0.77717745
5886,0.79764116
5887,0.77717745
5888,0.77717745
5889,0.77717745
5890,0.77717745
5891,0.7814094
5892,0.77717745
5893,0.77717745
5894,0.77717745
5895,0.77717745
5896,0.77717745
5897,0.77717745
5898,0.77717745
5899,0.77717745
5900,0.77717745
5901,0.77717745
5902,0.77717745
5903,0.77717745
5904,0.77717745
5905,0.77717745
5906,0.77717745
5907,0.77717745
5908,0.77717745
5909,0.77717745
5910,0.77717745
5911,0.77717745
5912,0.77717745
5913,0.7814094
5914,0.77717745
5915,0.77717745
5916,0.77717745
5917,0.77717745
5918,0.77717745
5919,0.77717745
5920,0.77717745
5921,0.77717745
5922,0.77717745
5923,0.77717745
5924,0.77717745
5925,0.77717745
5926,0.77717745
5927,0.77717745
5928,0.77717745
5929,0.77717745
5930,0.7814094
5931,0.77717745
5932,0.77717745
5933,0.77717745
5934,0.77717745
5935,0.77717745
5936,0.7908043
5937,0.77717745
5938,0.77717745
5939,0.77717745
5940,0.77717745
5941,0.77717745
5942,0.77717745
5943,0.77717745
5944,0.77717745
5945,0.77717745
5946,0.7814094
5947,0.77717745
5948,0.7814094
5949,0.7814094
5950,0.77717745
5951,0.77717745
5952,0.77717745
5953,0.77717745
5954,0.77717745
5955,0.77717745
5956,0.77717745
5957,0.77717745
5958,0.77717745
5959,0.77717745
5960,0.77717745
5961,0.7814094
5962,0.77717745
5963,0.77717745
5964,0.7814094
5965,0.77717745
5966,0.77717745
5967,0.7814094
5968,0.77717745
5969,0.77717745
5970,0.77717745
5971,0.7814094
5972,0.77717745
5973,0.7908043
5974,0.77717745
5975,0.77717745
5976,0.77717745
5977,0.77717745
5978,0.77717745
5979,0.77717745
5980,0.77717745
5981,0.77717745
5982,0.77717745
5983,0.77717745
5984,0.77717745
5985,0.77717745
5986,0.77717745
5987,0.77717745
5988,0.77717745
5989,0.77717745
5990,0.77717745
5991,0.77717745
5992,0.77717745
5993,0.77717745
5994,0.7814094
5995,0.7814094
5996,0.77717745
5997,0.77717745
5998,0.77717745
5999,0.77717745
6000,0.77717745
6001,0.77717745
6002,0.77717745
6003,0.77717745
6004,0.77717745
6005,0.77717745
6006,0.77717745
6007,0.77717745
6008,0.77717745
6009,0.77717745
6010,0.77717745
6011,0.77717745
6012,0.77717745
6013,0.77717745
6014,0.77717745
6015,0.77717745
6016,0.77717745
6017,0.77717745
6018,0.77717745
6019,0.77717745
6020,0.77717745
6021,0.77717745
6022,0.7814094
6023,0.77717745
6024,0.77717745
6025,0.77717745
6026,0.77717745
6027,0.77717745
6028,0.77717745
6029,0.77717745
6030,0.77717745
6031,0.77717745
6032,0.77717745
6033,0.77717745
6034,0.7814094
6035,0.77717745
6036,0.77717745
6037,0.77717745
6038,0.77717745
6039,0.77717745
6040,0.7814094
6041,0.77717745
6042,0.77717745
6043,0.77717745
6044,0.7908043
6045,0.77717745
6046,0.7908043
6047,0.77717745
6048,0.77717745
6049,0.77717745
6050,0.77717745
6051,0.790131
6052,0.77717745
6053,0.7814094
6054,0.7814094
6055,0.77717745
6056,0.77717745
6057,0.77717745
6058,0.77717745
6059,0.77717745
6060,0.77717745
6061,0.7814094
6062,0.77717745
6063,0.77717745
6064,0.7814094
6065,0.77717745
6066,0.77717745
6067,0.77717745
6068,0.77717745
6069,0.77717745
6070,0.77717745
6071,0.77717745
6072,0.77717745
6073,0.7814094
6074,0.77717745
6075,0.77717745
6076,0.77717745
6077,0.77717745
6078,0.77717745
6079,0.7814094
6080,0.77717745
6081,0.77717745
6082,0.77717745
6083,0.77717745
6084,0.77717745
6085,0.77717745
6086,0.77717745
6087,0.77717745
6088,0.77717745
6089,0.77717745
6090,0.790131
6091,0.77717745
6092,0.77717745
6093,0.77717745
6094,0.77717745
6095,0.77717745
6096,0.77717745
6097,0.77717745
6098,0.77717745
6099,0.77717745
6100,0.7814094
6101,0.7814094
6102,0.77717745
6103,0.77717745
6104,0.77717745
6105,0.77717745
6106,0.77717745
6107,0.77717745
6108,0.77717745
6109,0.77717745
6110,0.77717745
6111,0.77717745
6112,0.77717745
6113,0.77717745
6114,0.77717745
6115,0.77717745
6116,0.77717745
6117,0.77717745
6118,0.7814094
6119,0.7814094
6120,0.77717745
6121,0.77717745
6122,0.77717745
6123,0.77717745
6124,0.77717745
6125,0.77717745
6126,0.77717745
6127,0.77717745
6128,0.77717745
6129,0.77717745
6130,0.77717745
6131,0.77717745
6132,0.77717745
6133,0.77717745
6134,0.77717745
6135,0.77717745
6136,0.77717745
6137,0.7903534
6138,0.77717745
6139,0.77717745
6140,0.77717745
6141,0.77717745
6142,0.790131
6143,0.77717745
6144,0.77717745
6145,0.77717745
6146,0.77717745
6147,0.77717745
6148,0.77717745
6149,0.77717745
6150,0.77717745
6151,0.77717745
6152,0.77717745
6153,0.77717745
6154,0.77717745
6155,0.77717745
6156,0.77717745
6157,0.77717745
6158,0.77717745
6159,0.7814094
6160,0.77717745
6161,0.77717745
6162,0.77717745
6163,0.77717745
6164,0.77717745
6165,0.77717745
6166,0.77717745
6167,0.77717745
6168,0.77717745
6169,0.77717745
6170,0.77717745
6171,0.77717745
6172,0.77717745
6173,0.77717745
6174,0.77717745
6175,0.77717745
6176,0.7814094
6177,0.77717745
6178,0.77717745
6179,0.77717745
6180,0.77717745
6181,0.77717745
6182,0.77717745
6183,0.77717745
6184,0.77717745
6185,0.77717745
6186,0.77717745
6187,0.77717745
6188,0.77717745
6189,0.77717745
6190,0.77717745
6191,0.77717745
6192,0.77717745
6193,0.77717745
6194,0.77717745
6195,0.77717745
6196,0.77717745
6197,0.77717745
6198,0.77717745
6199,0.77717745
6200,0.77717745
6201,0.77717745
6202,0.77717745
6203,0.77717745
6204,0.77717745
6205,0.77717745
6206,0.77717745
6207,0.77717745
6208,0.77717745
6209,0.77717745
6210,0.7814094
6211,0.77717745
6212,0.77717745
6213,0.77717745
6214,0.77717745
6215,0.77717745
6216,0.77717745
6217,0.77717745
6218,0.7814094
6219,0.77717745
6220,0.77717745
6221,0.77717745
6222,0.7814094
6223,0.7814094
6224,0.77717745
6225,0.77717745
6226,0.77717745
6227,0.77717745
6228,0.77717745
6229,0.77717745
6230,0.77717745
6231,0.77717745
6232,0.77717745
6233,0.77717745
6234,0.77717745
6235,0.77717745
6236,0.77717745
6237,0.77717745
6238,0.77717745
6239,0.77717745
6240,0.77717745
6241,0.77717745
6242,0.7814094
6243,0.77717745
6244,0.77717745
6245,0.77717745
6246,0.77717745
6247,0.77717745
6248,0.77717745
6249,0.77717745
6250,0.77717745
6251,0.77717745
6252,0.77717745
6253,0.77717745
6254,0.77717745
6255,0.77717745
6256,0.7814094
6257,0.77717745
6258,0.77717745
6259,0.77717745
6260,0.77717745
6261,0.77717745
6262,0.77717745
6263,0.77717745
6264,0.7814094
6265,0.77717745
6266,0.7814094
6267,0.77717745
6268,0.77717745
6269,0.77717745
6270,0.77717745
6271,0.77717745
6272,0.77717745
6273,0.77717745
6274,0.7814094
6275,0.77717745
6276,0.77717745
6277,0.77717745
6278,0.7814094
6279,0.77717745
6280,0.77717745
6281,0.77717745
6282,0.77717745
6283,0.77717745
6284,0.77717745
6285,0.77717745
6286,0.77717745
6287,0.77717745
6288,0.77717745
6289,0.77717745
6290,0.77717745
6291,0.77717745
6292,0.77717745
6293,0.77717745
6294,0.77717745
6295,0.77717745
6296,0.77717745
6297,0.77717745
6298,0.77717745
6299,0.77717745
6300,0.77717745
6301,0.77717745
6302,0.77717745
6303,0.77717745
6304,0.77717745
6305,0.77717745
6306,0.77717745
6307,0.77717745
6308,0.7814094
6309,0.77717745
6310,0.77717745
6311,0.77717745
6312,0.77717745
6313,0.77717745
6314,0.77717745
6315,0.77717745
6316,0.77717745
6317,0.77717745
6318,0.77717745
6319,0.77717745
6320,0.77717745
6321,0.77717745
6322,0.77717745
6323,0.77717745
6324,0.77717745
6325,0.77717745
6326,0.77717745
6327,0.77717745
6328,0.77717745
6329,0.77717745
6330,0.77717745
6331,0.77717745
6332,0.77717745
6333,0.77717745
6334,0.77717745
6335,0.77717745
6336,0.77717745
6337,0.7814094
6338,0.77717745
6339,0.77717745
6340,0.7814094
6341,0.77717745
6342,0.7814094
6343,0.77717745
6344,0.77717745
6345,0.77717745
6346,0.77717745
6347,0.77717745
6348,0.77717745
6349,0.77717745
6350,0.77717745
6351,0.77717745
6352,0.77717745
6353,0.77717745
6354,0.77717745
6355,0.77717745
6356,0.77717745
6357,0.77717745
6358,0.77717745
6359,0.77717745
6360,0.77717745
6361,0.77717745
6362,0.77717745
6363,0.77717745
6364,0.77717745
6365,0.77717745
6366,0.7814094
6367,0.77717745
6368,0.77717745
6369,0.77717745
6370,0.77717745
6371,0.77717745
6372,0.77717745
6373,0.7814094
6374,0.77717745
6375,0.77717745
6376,0.77717745
6377,0.77717745
6378,0.77717745
6379,0.7814094
6380,0.77717745
6381,0.77717745
6382,0.77717745
6383,0.7814094
6384,0.790131
6385,0.77717745
6386,0.7814094
6387,0.77717745
6388,0.77717745
6389,0.77717745
6390,0.77717745
6391,0.7814094
6392,0.77717745
6393,0.77717745
6394,0.77717745
6395,0.77717745
6396,0.77717745
6397,0.77717745
6398,0.77717745
6399,0.77717745
6400,0.77717745
6401,0.77717745
6402,0.77717745
6403,0.77717745
6404,0.77717745
6405,0.77717745
6406,0.77717745
6407,0.77717745
6408,0.77717745
6409,0.77717745
6410,0.77717745
6411,0.77717745
6412,0.77717745
6413,0.77717745
6414,0.77717745
6415,0.77717745
6416,0.77717745
6417,0.77717745
6418,0.77717745
6419,0.7814094
6420,0.77717745
6421,0.77717745
6422,0.77717745
6423,0.77717745
6424,0.7814094
6425,0.77717745
6426,0.77717745
6427,0.77717745
6428,0.77717745
6429,0.7814094
6430,0.7814094
6431,0.77717745
6432,0.77717745
6433,0.77717745
6434,0.77717745
6435,0.77717745
6436,0.77717745
6437,0.77717745
6438,0.77717745
6439,0.77717745
6440,0.77717745
6441,0.77717745
6442,0.77717745
6443,0.77717745
6444,0.7814094
6445,0.77717745
6446,0.77717745
6447,0.7814094
6448,0.77717745
6449,0.77717745
6450,0.77717745
6451,0.77717745
6452,0.77717745
6453,0.77717745
6454,0.77717745
6455,0.7814094
6456,0.77717745
6457,0.77717745
6458,0.77717745
6459,0.77717745
6460,0.77717745
6461,0.77717745
6462,0.77717745
6463,0.77717745
6464,0.7814094
6465,0.77717745
6466,0.77717745
6467,0.77717745
6468,0.77717745
6469,0.77717745
6470,0.7814094
6471,0.77717745
6472,0.77717745
6473,0.77717745
6474,0.77717745
6475,0.77717745
6476,0.77717745
6477,0.77717745
6478,0.77717745
6479,0.77717745
6480,0.77717745
6481,0.77717745
6482,0.77717745
6483,0.77717745
6484,0.77717745
6485,0.77717745
6486,0.77717745
6487,0.77717745
6488,0.77717745
6489,0.77717745
6490,0.77717745
6491,0.7814094
6492,0.77717745
6493,0.77717745
6494,0.77717745
6495,0.77717745
6496,0.77717745
6497,0.77717745
6498,0.7814094
6499,0.77717745
6500,0.77717745
6501,0.77717745
6502,0.77717745
6503,0.77717745
6504,0.77717745
6505,0.77717745
6506,0.77717745
6507,0.77717745
6508,0.77717745
6509,0.77717745
6510,0.77717745
6511,0.77717745
6512,0.77717745
6513,0.77717745
6514,0.77717745
6515,0.77717745
6516,0.77717745
6517,0.7814094
6518,0.77717745
6519,0.77717745
6520,0.77717745
6521,0.77717745
6522,0.77717745
6523,0.77717745
6524,0.77717745
6525,0.77717745
6526,0.77717745
6527,0.77717745
6528,0.77717745
6529,0.77717745
6530,0.77717745
6531,0.77717745
6532,0.77717745
6533,0.77717745
6534,0.7814094
6535,0.7814094
6536,0.7814094
6537,0.77717745
6538,0.77717745
6539,0.77717745
6540,0.77717745
6541,0.77717745
6542,0.77717745
6543,0.77717745
6544,0.77717745
6545,0.77717745
6546,0.77717745
6547,0.77717745
6548,0.77717745
6549,0.77717745
6550,0.77717745
6551,0.77717745
6552,0.77717745
6553,0.77717745
6554,0.77717745
6555,0.77717745
6556,0.77717745
6557,0.77717745
6558,0.77717745
6559,0.77717745
6560,0.7814094
6561,0.77717745
6562,0.7814094
6563,0.77717745
6564,0.77717745
6565,0.77717745
6566,0.77717745
6567,0.77717745
6568,0.77717745
6569,0.77717745
6570,0.77717745
6571,0.7814094
6572,0.77717745
6573,0.77717745
6574,0.77717745
6575,0.77717745
6576,0.77717745
6577,0.77717745
6578,0.77717745
6579,0.787234
6580,0.77717745
6581,0.77717745
6582,0.77717745
6583,0.77717745
6584,0.77717745
6585,0.787234
6586,0.77717745
6587,0.77717745
6588,0.77717745
6589,0.77717745
6590,0.77717745
6591,0.77717745
6592,0.7814094
6593,0.77717745
6594,0.77717745
6595,0.77717745
6596,0.77717745
6597,0.77717745
6598,0.77717745
6599,0.77717745
6600,0.77717745
6601,0.77717745
6602,0.77717745
6603,0.7814094
6604,0.77717745
6605,0.77717745
6606,0.77717745
6607,0.77717745
6608,0.77717745
6609,0.77717745
6610,0.77717745
6611,0.77717745
6612,0.77717745
6613,0.77717745
6614,0.77717745
6615,0.77717745
6616,0.77717745
6617,0.77717745
6618,0.77717745
6619,0.77717745
6620,0.77717745
6621,0.77717745
6622,0.7814094
6623,0.77717745
6624,0.7903534
6625,0.77717745
6626,0.7814094
6627,0.77717745
6628,0.77717745
6629,0.77717745
6630,0.77717745
6631,0.77717745
6632,0.7814094
6633,0.77717745
6634,0.77717745
6635,0.77717745
6636,0.77717745
6637,0.77717745
6638,0.77717745
6639,0.77717745
6640,0.77717745
6641,0.77717745
6642,0.77717745
6643,0.7814094
6644,0.77717745
6645,0.77717745
6646,0.77717745
6647,0.77717745
6648,0.77717745
6649,0.77717745
6650,0.77717745
6651,0.77717745
6652,0.77717745
6653,0.77717745
6654,0.77717745
6655,0.7908043
6656,0.77717745
6657,0.77717745
6658,0.77717745
6659,0.77717745
6660,0.77717745
6661,0.77717745
6662,0.77717745
6663,0.77717745
6664,0.7814094
6665,0.77717745
6666,0.7814094
6667,0.77717745
6668,0.7814094
6669,0.77717745
6670,0.77717745
6671,0.77717745
6672,0.77717745
6673,0.77717745
6674,0.787234
6675,0.7814094
6676,0.7814094
6677,0.77717745
6678,0.77717745
6679,0.77717745
6680,0.77717745
6681,0.77717745
6682,0.7814094
6683,0.77717745
6684,0.77717745
6685,0.77717745
6686,0.77717745
6687,0.77717745
6688,0.77717745
6689,0.77717745
6690,0.77717745
6691,0.77717745
6692,0.77717745
6693,0.7814094
6694,0.77717745
6695,0.77717745
6696,0.77717745
6697,0.77717745
6698,0.77717745
6699,0.77717745
6700,0.77717745
6701,0.77717745
6702,0.77717745
6703,0.7814094
6704,0.77717745
6705,0.77717745
6706,0.77717745
6707,0.77717745
6708,0.77717745
6709,0.77717745
6710,0.7814094
6711,0.77717745
6712,0.77717745
6713,0.77717745
6714,0.77717745
6715,0.77717745
6716,0.77717745
6717,0.77717745
6718,0.77717745
6719,0.77717745
6720,0.77717745
6721,0.77717745
6722,0.77717745
6723,0.77717745
6724,0.77717745
6725,0.77717745
6726,0.77717745
6727,0.790131
6728,0.77717745
6729,0.77717745
6730,0.77717745
6731,0.77717745
6732,0.77717745
6733,0.7814094
6734,0.77717745
6735,0.77717745
6736,0.77717745
6737,0.77717745
6738,0.77717745
6739,0.7814094
6740,0.77717745
6741,0.77717745
6742,0.77717745
6743,0.77717745
6744,0.77717745
6745,0.77717745
6746,0.77717745
6747,0.77717745
6748,0.77717745
6749,0.77717745
6750,0.77717745
6751,0.7814094
6752,0.77717745
6753,0.77717745
6754,0.77717745
6755,0.77717745
6756,0.77717745
6757,0.77717745
6758,0.77717745
6759,0.7814094
6760,0.77717745
6761,0.77717745
6762,0.77717745
6763,0.77717745
6764,0.77717745
6765,0.7814094
6766,0.77717745
6767,0.77717745
6768,0.77717745
6769,0.77717745
6770,0.77717745
6771,0.77717745
6772,0.77717745
6773,0.7814094
6774,0.77717745
6775,0.77717745
6776,0.77717745
6777,0.77717745
6778,0.77717745
6779,0.77717745
6780,0.77717745
6781,0.77717745
6782,0.7908043
6783,0.77717745
6784,0.77717745
6785,0.77717745
6786,0.77717745
6787,0.77717745
6788,0.77717745
6789,0.77717745
6790,0.77717745
6791,0.77717745
6792,0.77717745
6793,0.7814094
6794,0.77717745
6795,0.77717745
6796,0.7814094
6797,0.77717745
6798,0.77717745
6799,0.7814094
6800,0.77717745
6801,0.77717745
6802,0.77717745
6803,0.77717745
6804,0.77717745
6805,0.77717745
6806,0.77717745
6807,0.7908043
6808,0.77717745
6809,0.77717745
6810,0.7814094
6811,0.77717745
6812,0.77717745
6813,0.77717745
6814,0.77717745
6815,0.77717745
6816,0.7814094
6817,0.77717745
6818,0.7814094
6819,0.77717745
6820,0.77717745
6821,0.77717745
6822,0.77717745
6823,0.77717745
6824,0.77717745
6825,0.77717745
6826,0.77717745
6827,0.77717745
6828,0.77717745
6829,0.77717745
6830,0.77717745
6831,0.77717745
6832,0.77717745
6833,0.77717745
6834,0.77717745
6835,0.77717745
6836,0.7814094
6837,0.77717745
6838,0.77717745
6839,0.77717745
6840,0.77717745
6841,0.77717745
6842,0.77717745
6843,0.7814094
6844,0.77717745
6845,0.77717745
6846,0.7814094
6847,0.77717745
6848,0.77717745
6849,0.7814094
6850,0.77717745
6851,0.77717745
6852,0.77717745
6853,0.77717745
6854,0.77717745
6855,0.77717745
6856,0.77717745
6857,0.7814094
6858,0.77717745
6859,0.77717745
6860,0.77717745
6861,0.77717745
6862,0.77717745
6863,0.7814094
6864,0.77717745
6865,0.77717745
6866,0.77717745
6867,0.7814094
6868,0.77717745
6869,0.77717745
6870,0.77717745
6871,0.77717745
6872,0.77717745
6873,0.77717745
6874,0.77717745
6875,0.77717745
6876,0.7814094
6877,0.77717745
6878,0.7814094
6879,0.77717745
6880,0.77717745
6881,0.77717745
6882,0.77717745
6883,0.77717745
6884,0.77717745
6885,0.77717745
6886,0.77717745
6887,0.77717745
6888,0.77717745
6889,0.77717745
6890,0.77717745
6891,0.77717745
6892,0.77717745
6893,0.77717745
6894,0.77717745
6895,0.77717745
6896,0.77717745
6897,0.77717745
6898,0.77717745
6899,0.77717745
6900,0.77717745
6901,0.77717745
6902,0.77717745
6903,0.77717745
6904,0.77717745
6905,0.77717745
6906,0.77717745
6907,0.77717745
6908,0.7814094
6909,0.77717745
6910,0.77717745
6911,0.77717745
6912,0.77717745
6913,0.77717745
6914,0.7814094
6915,0.77717745
6916,0.790131
6917,0.77717745
6918,0.77717745
6919,0.77717745
6920,0.77717745
6921,0.77717745
6922,0.77717745
6923,0.77717745
6924,0.77717745
6925,0.77717745
6926,0.77717745
6927,0.7814094
6928,0.77717745
6929,0.77717745
6930,0.77717745
6931,0.77717745
6932,0.77717745
6933,0.77717745
6934,0.77717745
6935,0.77717745
6936,0.77717745
6937,0.77717745
6938,0.77717745
6939,0.77717745
6940,0.7814094
6941,0.7814094
6942,0.77717745
6943,0.77717745
6944,0.77717745
6945,0.77717745
6946,0.7814094
6947,0.7814094
6948,0.77717745
6949,0.77717745
6950,0.77717745
6951,0.7814094
6952,0.77717745
6953,0.77717745
6954,0.77717745
6955,0.77717745
6956,0.790131
6957,0.77717745
6958,0.77717745
6959,0.7814094
6960,0.77717745
6961,0.7814094
6962,0.77717745
6963,0.77717745
6964,0.77717745
6965,0.77717745
6966,0.77717745
6967,0.77717745
6968,0.77717745
6969,0.77717745
6970,0.77717745
6971,0.77717745
6972,0.77717745
6973,0.77717745
6974,0.77717745
6975,0.77717745
6976,0.77717745
6977,0.77717745
6978,0.77717745
6979,0.77717745
6980,0.7814094
6981,0.77717745
6982,0.77717745
6983,0.7814094
6984,0.77717745
6985,0.77717745
6986,0.77717745
6987,0.77717745
6988,0.77717745
6989,0.77717745
6990,0.77717745
6991,0.77717745
6992,0.77717745
6993,0.77717745
6994,0.77717745
6995,0.7814094
6996,0.77717745
6997,0.77717745
6998,0.77717745
6999,0.77717745
7000,0.77717745
7001,0.77717745
7002,0.77717745
7003,0.77717745
7004,0.77717745
7005,0.77717745
7006,0.77717745
7007,0.77717745
7008,0.77717745
7009,0.77717745
7010,0.77717745
7011,0.77717745
7012,0.77717745
7013,0.77717745
7014,0.77717745
7015,0.77717745
7016,0.77717745
7017,0.77717745
7018,0.77717745
7019,0.77717745
7020,0.77717745
7021,0.77717745
7022,0.77717745
7023,0.77717745
7024,0.77717745
7025,0.77717745
7026,0.77717745
7027,0.77717745
7028,0.77717745
7029,0.7814094
7030,0.77717745
7031,0.77717745
7032,0.77717745
7033,0.77717745
7034,0.77717745
7035,0.77717745
7036,0.77717745
7037,0.77717745
7038,0.77717745
7039,0.77717745
7040,0.77717745
7041,0.77717745
7042,0.77717745
7043,0.7814094
7044,0.77717745
7045,0.77717745
7046,0.77717745
7047,0.77717745
7048,0.77717745
7049,0.77717745
7050,0.77717745
7051,0.77717745
7052,0.77717745
7053,0.7814094
7054,0.77717745
7055,0.77717745
7056,0.77717745
7057,0.77717745
7058,0.7814094
7059,0.77717745
7060,0.7814094
7061,0.77717745
7062,0.77717745
7063,0.77717745
7064,0.77717745
7065,0.77717745
7066,0.77717745
7067,0.77717745
7068,0.77717745
7069,0.77717745
7070,0.77717745
7071,0.77717745
7072,0.7814094
7073,0.77717745
7074,0.77717745
7075,0.77717745
7076,0.77717745
7077,0.77717745
7078,0.77717745
7079,0.7814094
7080,0.77717745
7081,0.77717745
7082,0.77717745
7083,0.7814094
7084,0.77717745
7085,0.77717745
7086,0.77717745
7087,0.77717745
7088,0.77717745
7089,0.77717745
7090,0.77717745
7091,0.77717745
7092,0.77717745
7093,0.77717745
7094,0.77717745
7095,0.77717745
7096,0.7814094
7097,0.77717745
7098,0.77717745
7099,0.77717745
7100,0.77717745
7101,0.77717745
7102,0.7814094
7103,0.77717745
7104,0.77717745
7105,0.77717745
7106,0.77717745
7107,0.77717745
7108,0.7814094
7109,0.77717745
7110,0.77717745
7111,0.77717745
7112,0.77717745
7113,0.77717745
7114,0.77717745
7115,0.77717745
7116,0.77717745
7117,0.77717745
7118,0.77717745
7119,0.77717745
7120,0.77717745
7121,0.77717745
7122,0.77717745
7123,0.77717745
7124,0.77717745
7125,0.77717745
7126,0.77717745
7127,0.77717745
7128,0.77717745
7129,0.77717745
7130,0.77717745
7131,0.77717745
7132,0.7814094
7133,0.77717745
7134,0.77717745
7135,0.77717745
7136,0.7814094
7137,0.77717745
7138,0.77717745
7139,0.77717745
7140,0.77717745
7141,0.7814094
7142,0.77717745
7143,0.77717745
7144,0.77717745
7145,0.7814094
7146,0.77717745
7147,0.77717745
7148,0.77717745
7149,0.77717745
7150,0.77717745
7151,0.77717745
7152,0.7814094
7153,0.77717745
7154,0.77717745
7155,0.77717745
7156,0.77717745
7157,0.77717745
7158,0.77717745
7159,0.77717745
7160,0.77717745
7161,0.77717745
7162,0.77717745
7163,0.77717745
7164,0.77717745
7165,0.77717745
7166,0.77717745
7167,0.77717745
7168,0.77717745
7169,0.77717745
7170,0.77717745
7171,0.77717745
7172,0.77717745
7173,0.77717745
7174,0.77717745
7175,0.77717745
7176,0.77717745
7177,0.77717745
7178,0.77717745
7179,0.77717745
7180,0.77717745
7181,0.77717745
7182,0.77717745
7183,0.77717745
7184,0.77717745
7185,0.77717745
7186,0.77717745
7187,0.77717745
7188,0.77717745
7189,0.77717745
7190,0.77717745
7191,0.77717745
7192,0.77717745
7193,0.7814094
7194,0.77717745
7195,0.77717745
7196,0.77717745
7197,0.77717745
7198,0.7814094
7199,0.77717745
7200,0.77717745
7201,0.77717745
7202,0.77717745
7203,0.77717745
7204,0.77717745
7205,0.77717745
7206,0.77717745
7207,0.77717745
7208,0.77717745
7209,0.77717745
7210,0.7814094
7211,0.77717745
7212,0.77717745
7213,0.77717745
7214,0.77717745
7215,0.77717745
7216,0.77717745
7217,0.77717745
7218,0.77717745
7219,0.77717745
7220,0.77717745
7221,0.77717745
7222,0.77717745
7223,0.77717745
7224,0.77717745
7225,0.77717745
7226,0.77717745
7227,0.77717745
7228,0.77717745
7229,0.77717745
7230,0.77717745
7231,0.77717745
7232,0.77717745
7233,0.77717745
7234,0.77717745
7235,0.77717745
7236,0.77717745
7237,0.77717745
7238,0.77717745
7239,0.77717745
7240,0.7814094
7241,0.77717745
7242,0.77717745
7243,0.7814094
7244,0.77717745
7245,0.7814094
7246,0.77717745
7247,0.77717745
7248,0.7814094
7249,0.77717745
7250,0.77717745
7251,0.77717745
7252,0.77717745
7253,0.7908043
7254,0.77717745
7255,0.77717745
7256,0.7814094
7257,0.7814094
7258,0.77717745
7259,0.77717745
7260,0.77717745
7261,0.7814094
7262,0.77717745
7263,0.77717745
7264,0.77717745
7265,0.77717745
7266,0.77717745
7267,0.77717745
7268,0.77717745
7269,0.7814094
7270,0.77717745
7271,0.77717745
7272,0.7814094
7273,0.77717745
7274,0.77717745
7275,0.77717745
7276,0.77717745
7277,0.77717745
7278,0.7814094
7279,0.77717745
7280,0.77717745
7281,0.77717745
7282,0.77717745
7283,0.77717745
7284,0.77717745
7285,0.77717745
7286,0.7814094
7287,0.77717745
7288,0.77717745
7289,0.7814094
7290,0.77717745
7291,0.77717745
7292,0.77717745
7293,0.7814094
7294,0.77717745
7295,0.77717745
7296,0.77717745
7297,0.77717745
7298,0.77717745
7299,0.77717745
7300,0.77717745
7301,0.77717745
7302,0.79140604
7303,0.77717745
7304,0.77717745
7305,0.77717745
7306,0.77717745
7307,0.77717745
7308,0.77717745
7309,0.77717745
7310,0.77717745
7311,0.77717745
7312,0.7814094
7313,0.77717745
7314,0.77717745
7315,0.787234
7316,0.77717745
7317,0.77717745
7318,0.77717745
7319,0.77717745
7320,0.77717745
7321,0.77717745
7322,0.77717745
7323,0.77717745
7324,0.77717745
7325,0.77717745
7326,0.77717745
7327,0.77717745
7328,0.77717745
7329,0.77717745
7330,0.77717745
7331,0.77717745
7332,0.77717745
7333,0.77717745
7334,0.77717745
7335,0.77717745
7336,0.77717745
7337,0.77717745
7338,0.77717745
7339,0.77717745
7340,0.77717745
7341,0.77717745
7342,0.77717745
7343,0.7814094
7344,0.77717745
7345,0.7814094
7346,0.77717745
7347,0.77717745
7348,0.77717745
7349,0.77717745
7350,0.77717745
7351,0.77717745
7352,0.77717745
7353,0.77717745
7354,0.77717745
7355,0.77717745
7356,0.77717745
7357,0.77717745
7358,0.77717745
7359,0.77717745
7360,0.77717745
7361,0.77717745
7362,0.77717745
7363,0.77717745
7364,0.77717745
7365,0.77717745
7366,0.77717745
7367,0.77717745
7368,0.77717745
7369,0.77717745
7370,0.77717745
7371,0.77717745
7372,0.77717745
7373,0.77717745
7374,0.77717745
7375,0.77717745
7376,0.77717745
7377,0.77717745
7378,0.77717745
7379,0.77717745
7380,0.7814094
7381,0.7814094
7382,0.77717745
7383,0.77717745
7384,0.77717745
7385,0.77717745
7386,0.77717745
7387,0.77717745
7388,0.7814094
7389,0.77717745
7390,0.77717745
7391,0.77717745
7392,0.77717745
7393,0.77717745
7394,0.77717745
7395,0.77717745
7396,0.77717745
7397,0.77717745
7398,0.77717745
7399,0.77717745
7400,0.77717745
7401,0.77717745
7402,0.77717745
7403,0.77717745
7404,0.77717745
7405,0.77717745
7406,0.77717745
7407,0.7814094
7408,0.7814094
7409,0.77717745
7410,0.77717745
7411,0.77717745
7412,0.77717745
7413,0.77717745
7414,0.77717745
7415,0.77717745
7416,0.77717745
7417,0.77717745
7418,0.77717745
7419,0.77717745
7420,0.77717745
7421,0.77717745
7422,0.77717745
7423,0.7814094
7424,0.77717745
7425,0.7814094
7426,0.7814094
7427,0.77717745
7428,0.77717745
7429,0.77717745
7430,0.77717745
7431,0.77717745
7432,0.77717745
7433,0.77717745
7434,0.7956423
7435,0.77717745
7436,0.77717745
7437,0.77717745
7438,0.77717745
7439,0.77717745
7440,0.77717745
7441,0.77717745
7442,0.7814094
7443,0.77717745
7444,0.77717745
7445,0.77717745
7446,0.77717745
7447,0.77717745
7448,0.77717745
7449,0.77717745
7450,0.77717745
7451,0.77717745
7452,0.77717745
7453,0.77717745
7454,0.7814094
7455,0.7814094
7456,0.77717745
7457,0.77717745
7458,0.77717745
7459,0.77717745
7460,0.77717745
7461,0.77717745
7462,0.7814094
7463,0.787234
7464,0.77717745
7465,0.77717745
7466,0.77717745
7467,0.77717745
7468,0.77717745
7469,0.7814094
7470,0.787234
7471,0.77717745
7472,0.77717745
7473,0.77717745
7474,0.77717745
7475,0.77717745
7476,0.77717745
7477,0.77717745
7478,0.77717745
7479,0.77717745
7480,0.77717745
7481,0.77717745
7482,0.7814094
7483,0.77717745
7484,0.7814094
7485,0.7814094
7486,0.77717745
7487,0.7814094
7488,0.77717745
7489,0.7814094
7490,0.77717745
7491,0.77717745
7492,0.77717745
7493,0.77717745
7494,0.77717745
7495,0.77717745
7496,0.77717745
7497,0.77717745
7498,0.77717745
7499,0.77717745
7500,0.77717745
7501,0.77717745
7502,0.77717745
7503,0.77717745
7504,0.77717745
7505,0.77717745
7506,0.77717745
7507,0.7814094
7508,0.77717745
7509,0.77717745
7510,0.77717745
7511,0.77717745
7512,0.77717745
7513,0.77717745
7514,0.77717745
7515,0.77717745
7516,0.77717745
7517,0.77717745
7518,0.77717745
7519,0.77717745
7520,0.77717745
7521,0.77717745
7522,0.77717745
7523,0.77717745
7524,0.7814094
7525,0.77717745
7526,0.77717745
7527,0.77717745
7528,0.77717745
7529,0.77717745
7530,0.77717745
7531,0.77717745
7532,0.77717745
7533,0.7814094
7534,0.77717745
7535,0.77717745
7536,0.77717745
7537,0.77717745
7538,0.77717745
7539,0.7814094
7540,0.77717745
7541,0.7814094
7542,0.77717745
7543,0.77717745
7544,0.77717745
7545,0.77717745
7546,0.77717745
7547,0.77717745
7548,0.77717745
7549,0.77717745
7550,0.77717745
7551,0.77717745
7552,0.77717745
7553,0.77717745
7554,0.77717745
7555,0.77717745
7556,0.77717745
7557,0.77717745
7558,0.77717745
7559,0.7814094
7560,0.77717745
7561,0.77717745
7562,0.7814094
7563,0.77717745
7564,0.77717745
7565,0.77717745
7566,0.77717745
7567,0.77717745
7568,0.77717745
7569,0.77717745
7570,0.77717745
7571,0.77717745
7572,0.77717745
7573,0.77717745
7574,0.7814094
7575,0.77717745
7576,0.77717745
7577,0.77717745
7578,0.77717745
7579,0.77717745
7580,0.77717745
7581,0.77717745
7582,0.77717745
7583,0.77717745
7584,0.77717745
7585,0.77717745
7586,0.77717745
7587,0.77717745
7588,0.7814094
7589,0.77717745
7590,0.77717745
7591,0.7814094
7592,0.77717745
7593,0.77717745
7594,0.77717745
7595,0.77717745
7596,0.77717745
7597,0.77717745
7598,0.77717745
7599,0.77717745
7600,0.787234
7601,0.77717745
7602,0.77717745
7603,0.77717745
7604,0.77717745
7605,0.77717745
7606,0.77717745
7607,0.77717745
7608,0.77717745
7609,0.77717745
7610,0.77717745
7611,0.77717745
7612,0.7814094
7613,0.77717745
7614,0.77717745
7615,0.77717745
7616,0.77717745
7617,0.77717745
7618,0.7814094
7619,0.77717745
7620,0.77717745
7621,0.77717745
7622,0.77717745
7623,0.77717745
7624,0.7814094
7625,0.77717745
7626,0.77717745
7627,0.77717745
7628,0.77717745
7629,0.77717745
7630,0.77717745
7631,0.77717745
7632,0.790131
7633,0.77717745
7634,0.77717745
7635,0.77717745
7636,0.77717745
7637,0.77717745
7638,0.77717745
7639,0.77717745
7640,0.77717745
7641,0.77717745
7642,0.77717745
7643,0.77717745
7644,0.77717745
7645,0.77717745
7646,0.77717745
7647,0.77717745
7648,0.77717745
7649,0.77717745
7650,0.77717745
7651,0.77717745
7652,0.77717745
7653,0.77717745
7654,0.77717745
7655,0.77717745
7656,0.77717745
7657,0.7814094
7658,0.77717745
7659,0.77717745
7660,0.77717745
7661,0.77717745
7662,0.77717745
7663,0.77717745
7664,0.77717745
7665,0.77717745
7666,0.77717745
7667,0.77717745
7668,0.77717745
7669,0.77717745
7670,0.79140604
7671,0.77717745
7672,0.77717745
7673,0.77717745
7674,0.77717745
7675,0.77717745
7676,0.77717745
7677,0.77717745
7678,0.77717745
7679,0.77717745
7680,0.77717745
7681,0.77717745
7682,0.77717745
7683,0.7814094
7684,0.77717745
7685,0.7814094
7686,0.77717745
7687,0.77717745
7688,0.77717745
7689,0.77717745
7690,0.77717745
7691,0.77717745
7692,0.77717745
7693,0.77717745
7694,0.77717745
7695,0.77717745
7696,0.7814094
7697,0.77717745
7698,0.77717745
7699,0.77717745
7700,0.77717745
7701,0.7814094
7702,0.7814094
7703,0.77717745
7704,0.77717745
7705,0.77717745
7706,0.79593045
7707,0.77717745
7708,0.77717745
7709,0.77717745
7710,0.77717745
7711,0.77717745
7712,0.7814094
7713,0.77717745
7714,0.77717745
7715,0.77717745
7716,0.77717745
7717,0.77717745
7718,0.77717745
7719,0.77717745
7720,0.77717745
7721,0.77717745
7722,0.77717745
7723,0.77717745
7724,0.77717745
7725,0.77717745
7726,0.77717745
7727,0.77717745
7728,0.77717745
7729,0.77717745
7730,0.77717745
7731,0.77717745
7732,0.77717745
7733,0.77717745
7734,0.77717745
7735,0.77717745
7736,0.77717745
7737,0.77717745
7738,0.77717745
7739,0.77717745
7740,0.77717745
7741,0.77717745
7742,0.7814094
7743,0.77717745
7744,0.77717745
7745,0.77717745
7746,0.77717745
7747,0.77717745
7748,0.77717745
7749,0.77717745
7750,0.77717745
7751,0.77717745
7752,0.77717745
7753,0.77717745
7754,0.77717745
7755,0.77717745
7756,0.7814094
7757,0.77717745
7758,0.77717745
7759,0.77717745
7760,0.77717745
7761,0.77717745
7762,0.77717745
7763,0.77717745
7764,0.7814094
7765,0.77717745
7766,0.77717745
7767,0.77717745
7768,0.77717745
7769,0.77717745
7770,0.77717745
7771,0.77717745
7772,0.77717745
7773,0.77717745
7774,0.77717745
7775,0.77717745
7776,0.77717745
7777,0.77717745
7778,0.77717745
7779,0.77717745
7780,0.77717745
7781,0.77717745
7782,0.77717745
7783,0.77717745
7784,0.77717745
7785,0.77717745
7786,0.77717745
7787,0.77717745
7788,0.77717745
7789,0.77717745
7790,0.77717745
7791,0.77717745
7792,0.77717745
7793,0.77717745
7794,0.77717745
7795,0.77717745
7796,0.77717745
7797,0.77717745
7798,0.77717745
7799,0.7908043
7800,0.7814094
7801,0.77717745
7802,0.77717745
7803,0.77717745
7804,0.77717745
7805,0.77717745
7806,0.77717745
7807,0.77717745
7808,0.77717745
7809,0.77717745
7810,0.77717745
7811,0.77717745
7812,0.77717745
7813,0.77717745
7814,0.77717745
7815,0.77717745
7816,0.77717745
7817,0.7814094
7818,0.77717745
7819,0.77717745
7820,0.77717745
7821,0.77717745
7822,0.77717745
7823,0.77717745
7824,0.7814094
7825,0.77717745
7826,0.77717745
7827,0.77717745
7828,0.77717745
7829,0.77717745
7830,0.77717745
7831,0.7814094
7832,0.7814094
7833,0.77717745
7834,0.7814094
7835,0.77717745
7836,0.77717745
7837,0.77717745
7838,0.77717745
7839,0.77717745
7840,0.77717745
7841,0.77717745
7842,0.787234
7843,0.77717745
7844,0.77717745
7845,0.77717745
7846,0.77717745
7847,0.77717745
7848,0.77717745
7849,0.7814094
7850,0.77717745
7851,0.77717745
7852,0.77717745
7853,0.77717745
7854,0.77717745
7855,0.77717745
7856,0.77717745
7857,0.77717745
7858,0.77717745
7859,0.7814094
7860,0.77717745
7861,0.77717745
7862,0.77717745
7863,0.77717745
7864,0.77717745
7865,0.77717745
7866,0.7814094
7867,0.77717745
7868,0.77717745
7869,0.77717745
7870,0.77717745
7871,0.77717745
7872,0.77717745
7873,0.77717745
7874,0.7814094
7875,0.77717745
7876,0.77717745
7877,0.77717745
7878,0.77717745
7879,0.77717745
7880,0.77717745
7881,0.77717745
7882,0.77717745
7883,0.7814094
7884,0.77717745
7885,0.77717745
7886,0.77717745
7887,0.77717745
7888,0.77717745
7889,0.77717745
7890,0.77717745
7891,0.77717745
7892,0.77717745
7893,0.77717745
7894,0.7814094
7895,0.77717745
7896,0.77717745
7897,0.77717745
7898,0.77717745
7899,0.77717745
7900,0.77717745
7901,0.77717745
7902,0.77717745
7903,0.77717745
7904,0.77717745
7905,0.7814094
7906,0.77717745
7907,0.77717745
7908,0.77717745
7909,0.77717745
7910,0.77717745
7911,0.77717745
7912,0.77717745
7913,0.77717745
7914,0.77717745
7915,0.77717745
7916,0.77717745
7917,0.77717745
7918,0.790131
7919,0.77717745
7920,0.77717745
7921,0.77717745
7922,0.77717745
7923,0.77717745
7924,0.77717745
7925,0.77717745
7926,0.77717745
7927,0.7814094
7928,0.77717745
7929,0.77717745
7930,0.77717745
7931,0.77717745
7932,0.77717745
7933,0.77717745
7934,0.77717745
7935,0.77717745
7936,0.77717745
7937,0.77717745
7938,0.77717745
7939,0.77717745
7940,0.77717745
7941,0.77717745
7942,0.77717745
7943,0.77717745
7944,0.77717745
7945,0.77717745
7946,0.77717745
7947,0.77717745
7948,0.77717745
7949,0.77717745
7950,0.77717745
7951,0.77717745
7952,0.77717745
7953,0.77717745
7954,0.77717745
7955,0.77717745
7956,0.77717745
7957,0.77717745
7958,0.77717745
7959,0.77717745
7960,0.77717745
7961,0.77717745
7962,0.77717745
7963,0.77717745
7964,0.77717745
7965,0.7814094
7966,0.7814094
7967,0.77717745
7968,0.7814094
7969,0.7814094
7970,0.77717745
7971,0.7814094
7972,0.77717745
7973,0.77717745
7974,0.77717745
7975,0.7814094
7976,0.77717745
7977,0.77717745
7978,0.77717745
7979,0.77717745
7980,0.77717745
7981,0.77717745
7982,0.77717745
7983,0.77717745
7984,0.77717745
7985,0.77717745
7986,0.77717745
7987,0.77717745
7988,0.77717745
7989,0.77717745
7990,0.77717745
7991,0.77717745
7992,0.77717745
7993,0.7814094
7994,0.77717745
7995,0.77717745
7996,0.77717745
7997,0.77717745
7998,0.77717745
7999,0.77717745
8000,0.77717745
8001,0.77717745
8002,0.77717745
8003,0.77717745
8004,0.77717745
8005,0.77717745
8006,0.77717745
8007,0.77717745
8008,0.77717745
8009,0.77717745
8010,0.77717745
8011,0.77717745
8012,0.77717745
8013,0.77717745
8014,0.77717745
8015,0.77717745
8016,0.77717745
8017,0.77717745
8018,0.77717745
8019,0.77717745
8020,0.77717745
8021,0.77717745
8022,0.7814094
8023,0.77717745
8024,0.77717745
8025,0.77717745
8026,0.77717745
8027,0.77717745
8028,0.77717745
8029,0.77717745
8030,0.77717745
8031,0.77717745
8032,0.77717745
8033,0.77717745
8034,0.77717745
8035,0.77717745
8036,0.77717745
8037,0.7814094
8038,0.7814094
8039,0.77717745
8040,0.77717745
8041,0.77717745
8042,0.7814094
8043,0.7814094
8044,0.77717745
8045,0.77717745
8046,0.77717745
8047,0.77717745
8048,0.77717745
8049,0.77717745
8050,0.77717745
8051,0.77717745
8052,0.77717745
8053,0.77717745
8054,0.77717745
8055,0.77717745
8056,0.77717745
8057,0.77717745
8058,0.77717745
8059,0.77717745
8060,0.77717745
8061,0.7814094
8062,0.77717745
8063,0.77717745
8064,0.77717745
8065,0.77717745
8066,0.77717745
8067,0.77717745
8068,0.77717745
8069,0.77717745
8070,0.77717745
8071,0.77717745
8072,0.77717745
8073,0.77717745
8074,0.77717745
8075,0.77717745
8076,0.77717745
8077,0.77717745
8078,0.77717745
8079,0.77717745
8080,0.7814094
8081,0.77717745
8082,0.77717745
8083,0.77717745
8084,0.77717745
8085,0.77717745
8086,0.77717745
8087,0.77717745
8088,0.77717745
8089,0.77717745
8090,0.77717745
8091,0.77717745
8092,0.77717745
8093,0.77717745
8094,0.77717745
8095,0.77717745
8096,0.77717745
8097,0.77717745
8098,0.77717745
8099,0.77717745
8100,0.77717745
8101,0.77717745
8102,0.77717745
8103,0.77717745
8104,0.77717745
8105,0.77717745
8106,0.77717745
8107,0.77717745
8108,0.77717745
8109,0.77717745
8110,0.7814094
8111,0.77717745
8112,0.77717745
8113,0.77717745
8114,0.77717745
8115,0.77717745
8116,0.7814094
8117,0.77717745
8118,0.7814094
8119,0.77717745
8120,0.77717745
8121,0.77717745
8122,0.7814094
8123,0.77717745
8124,0.77717745
8125,0.77717745
8126,0.77717745
8127,0.77717745
8128,0.7814094
8129,0.77717745
8130,0.77717745
8131,0.77717745
8132,0.77717745
8133,0.77717745
8134,0.77717745
8135,0.77717745
8136,0.7814094
8137,0.77717745
8138,0.7908043
8139,0.77717745
8140,0.77717745
8141,0.77717745
8142,0.77717745
8143,0.77717745
8144,0.77717745
8145,0.7814094
8146,0.77717745
8147,0.77717745
8148,0.77717745
8149,0.77717745
8150,0.77717745
8151,0.7814094
8152,0.77717745
8153,0.77717745
8154,0.77717745
8155,0.77717745
8156,0.77717745
8157,0.77717745
8158,0.7814094
8159,0.77717745
8160,0.77717745
8161,0.77717745
8162,0.77717745
8163,0.77717745
8164,0.77717745
8165,0.77717745
8166,0.77717745
8167,0.7814094
8168,0.7814094
8169,0.77717745
8170,0.7814094
8171,0.77717745
8172,0.77717745
8173,0.77717745
8174,0.77717745
8175,0.77717745
8176,0.77717745
8177,0.77717745
8178,0.77717745
8179,0.77717745
8180,0.77717745
8181,0.77717745
8182,0.77717745
8183,0.77717745
8184,0.77717745
8185,0.77717745
8186,0.77717745
8187,0.77717745
8188,0.77717745
8189,0.77717745
8190,0.77717745
8191,0.77717745
8192,0.77717745
8193,0.77717745
8194,0.77717745
8195,0.77717745
8196,0.77717745
8197,0.77717745
8198,0.77717745
8199,0.77717745
8200,0.77717745
8201,0.77717745
8202,0.77717745
8203,0.7814094
8204,0.77717745
8205,0.77717745
8206,0.77717745
8207,0.77717745
8208,0.77717745
8209,0.77717745
8210,0.77717745
8211,0.77717745
8212,0.77717745
8213,0.77717745
8214,0.77717745
8215,0.77717745
8216,0.77717745
8217,0.77717745
8218,0.77717745
8219,0.77717745
8220,0.77717745
8221,0.77717745
8222,0.77717745
8223,0.77717745
8224,0.77717745
8225,0.77717745
8226,0.77717745
8227,0.7814094
8228,0.77717745
8229,0.77717745
8230,0.7814094
8231,0.77717745
8232,0.7814094
8233,0.77717745
8234,0.77717745
8235,0.77717745
8236,0.7814094
8237,0.77717745
8238,0.7814094
8239,0.77717745
8240,0.77717745
8241,0.77717745
8242,0.77717745
8243,0.77717745
8244,0.77717745
8245,0.77717745
8246,0.77717745
8247,0.7814094
8248,0.77717745
8249,0.77717745
8250,0.77717745
8251,0.787234
8252,0.77717745
8253,0.77717745
8254,0.77717745
8255,0.7814094
8256,0.77717745
8257,0.77717745
8258,0.77717745
8259,0.7814094
8260,0.77717745
8261,0.77717745
8262,0.77717745
8263,0.7814094
8264,0.77717745
8265,0.77717745
8266,0.77717745
8267,0.77717745
8268,0.77717745
8269,0.7814094
8270,0.77717745
8271,0.77717745
8272,0.77717745
8273,0.77717745
8274,0.77717745
8275,0.77717745
8276,0.77717745
8277,0.7814094
8278,0.77717745
8279,0.77717745
8280,0.77717745
8281,0.77717745
8282,0.77717745
8283,0.77717745
8284,0.77717745
8285,0.77717745
8286,0.77717745
8287,0.77717745
8288,0.77717745
8289,0.77717745
8290,0.77717745
8291,0.77717745
8292,0.77717745
8293,0.77717745
8294,0.77717745
8295,0.77717745
8296,0.77717745
8297,0.77717745
8298,0.77717745
8299,0.77717745
8300,0.77717745
8301,0.77717745
8302,0.77717745
8303,0.77717745
8304,0.77717745
8305,0.7814094
8306,0.77717745
8307,0.77717745
8308,0.77717745
8309,0.77717745
8310,0.7814094
8311,0.77717745
8312,0.77717745
8313,0.77717745
8314,0.77717745
8315,0.77717745
8316,0.77717745
8317,0.77717745
8318,0.77717745
8319,0.77717745
8320,0.77717745
8321,0.77717745
8322,0.77717745
8323,0.77717745
8324,0.77717745
8325,0.77717745
8326,0.77717745
8327,0.77717745
8328,0.77717745
8329,0.77717745
8330,0.77717745
8331,0.77717745
8332,0.7814094
8333,0.77717745
8334,0.77717745
8335,0.77717745
8336,0.77717745
8337,0.77717745
8338,0.7814094
8339,0.77717745
8340,0.7814094
8341,0.77717745
8342,0.77717745
8343,0.77717745
8344,0.77717745
8345,0.77717745
8346,0.77717745
8347,0.77717745
8348,0.77717745
8349,0.77717745
8350,0.77717745
8351,0.77717745
8352,0.77717745
8353,0.77717745
8354,0.77717745
8355,0.77717745
8356,0.77717745
8357,0.77717745
8358,0.77717745
8359,0.77717745
8360,0.77717745
8361,0.77717745
8362,0.77717745
8363,0.77717745
8364,0.77717745
8365,0.77717745
8366,0.77717745
8367,0.7814094
8368,0.77717745
8369,0.77717745
8370,0.77717745
8371,0.77717745
8372,0.77717745
8373,0.77717745
8374,0.77717745
8375,0.77717745
8376,0.77717745
8377,0.77717745
8378,0.79140604
8379,0.77717745
8380,0.7814094
8381,0.77717745
8382,0.77717745
8383,0.77717745
8384,0.77717745
8385,0.77717745
8386,0.77717745
8387,0.77717745
8388,0.77717745
8389,0.7814094
8390,0.77717745
8391,0.77717745
8392,0.77717745
8393,0.77717745
8394,0.77717745
8395,0.7814094
8396,0.7903543
8397,0.77717745
8398,0.77717745
8399,0.77717745
8400,0.77717745
8401,0.7814094
8402,0.77717745
8403,0.7814094
8404,0.7814094
8405,0.77717745
8406,0.7814094
8407,0.7814094
8408,0.77717745
8409,0.77717745
8410,0.77717745
8411,0.77717745
8412,0.7814094
8413,0.77717745
8414,0.77717745
8415,0.7814094
8416,0.77717745
8417,0.77717745
8418,0.7814094
8419,0.77717745
8420,0.7814094
8421,0.77717745
8422,0.7814094
8423,0.77717745
8424,0.77717745
8425,0.77717745
8426,0.77717745
8427,0.77717745
8428,0.77717745
8429,0.77717745
8430,0.77717745
8431,0.77717745
8432,0.77717745
8433,0.77717745
8434,0.7814094
8435,0.77717745
8436,0.77717745
8437,0.77717745
8438,0.77717745
8439,0.77717745
8440,0.77717745
8441,0.77717745
8442,0.77717745
8443,0.77717745
8444,0.7814094
8445,0.77717745
8446,0.77717745
8447,0.77717745
8448,0.77717745
8449,0.77717745
8450,0.7814094
8451,0.77717745
8452,0.77717745
8453,0.7814094
8454,0.77717745
8455,0.77717745
8456,0.7814094
8457,0.77717745
8458,0.77717745
8459,0.77717745
8460,0.77717745
8461,0.77717745
8462,0.77717745
8463,0.77717745
8464,0.77717745
8465,0.77717745
8466,0.77717745
8467,0.77717745
8468,0.7814094
8469,0.77717745
8470,0.7814094
8471,0.77717745
8472,0.77717745
8473,0.77717745
8474,0.77717745
8475,0.77717745
8476,0.77717745
8477,0.77717745
8478,0.77717745
8479,0.77717745
8480,0.77717745
8481,0.77717745
8482,0.7814094
8483,0.77717745
8484,0.77717745
8485,0.77717745
8486,0.7814094
8487,0.77717745
8488,0.77717745
8489,0.77717745
8490,0.77717745
8491,0.7814094
8492,0.77717745
8493,0.77717745
8494,0.7814094
8495,0.77717745
8496,0.77717745
8497,0.77717745
8498,0.77717745
8499,0.77717745
8500,0.77717745
8501,0.77717745
8502,0.77717745
8503,0.77717745
8504,0.77717745
8505,0.77717745
8506,0.77717745
8507,0.7814094
8508,0.77717745
8509,0.77717745
8510,0.77717745
8511,0.7814094
8512,0.77717745
8513,0.77717745
8514,0.77717745
8515,0.77717745
8516,0.77717745
8517,0.77717745
8518,0.77717745
8519,0.77717745
8520,0.7908043
8521,0.77717745
8522,0.77717745
8523,0.7908043
8524,0.77717745
8525,0.77717745
8526,0.77717745
8527,0.77717745
8528,0.77717745
8529,0.77717745
8530,0.7814094
8531,0.77717745
8532,0.7814094
8533,0.77717745
8534,0.77717745
8535,0.77717745
8536,0.77717745
8537,0.77717745
8538,0.77717745
8539,0.77717745
8540,0.77717745
8541,0.77717745
8542,0.7814094
8543,0.77717745
8544,0.77717745
8545,0.77717745
8546,0.7814094
8547,0.77717745
8548,0.77717745
8549,0.77717745
8550,0.77717745
8551,0.77717745
8552,0.77717745
8553,0.7814094
8554,0.77717745
8555,0.77717745
8556,0.77717745
8557,0.77717745
8558,0.77717745
8559,0.77717745
8560,0.77717745
8561,0.77717745
8562,0.77717745
8563,0.77717745
8564,0.790131
8565,0.77717745
8566,0.77717745
8567,0.77717745
8568,0.77717745
8569,0.77717745
8570,0.77717745
8571,0.77717745
8572,0.77717745
8573,0.77717745
8574,0.77717745
8575,0.77717745
8576,0.77717745
8577,0.77717745
8578,0.77717745
8579,0.77717745
8580,0.77717745
8581,0.77717745
8582,0.7814094
8583,0.7814094
8584,0.7814094
8585,0.77717745
8586,0.77717745
8587,0.77717745
8588,0.77717745
8589,0.77717745
8590,0.77717745
8591,0.77717745
8592,0.77717745
8593,0.77717745
8594,0.77717745
8595,0.77717745
8596,0.77717745
8597,0.77717745
8598,0.77717745
8599,0.77717745
8600,0.77717745
8601,0.77717745
8602,0.77717745
8603,0.77717745
8604,0.77717745
8605,0.77717745
8606,0.77717745
8607,0.77717745
8608,0.77717745
8609,0.77717745
8610,0.77717745
8611,0.77717745
8612,0.77717745
8613,0.77717745
8614,0.77717745
8615,0.77717745
8616,0.7814094
8617,0.77717745
8618,0.77717745
8619,0.77717745
8620,0.77717745
8621,0.7814094
8622,0.77717745
8623,0.77717745
8624,0.77717745
8625,0.7814094
8626,0.77717745
8627,0.7814094
8628,0.77717745
8629,0.77717745
8630,0.77717745
8631,0.77717745
8632,0.77717745
8633,0.77717745
8634,0.77717745
8635,0.77717745
8636,0.77717745
8637,0.77717745
8638,0.77717745
8639,0.77717745
8640,0.77717745
8641,0.77717745
8642,0.77717745
8643,0.77717745
8644,0.7814094
8645,0.77717745
8646,0.77717745
8647,0.77717745
8648,0.77717745
8649,0.77717745
8650,0.7814094
8651,0.77717745
8652,0.77717745
8653,0.77717745
8654,0.77717745
8655,0.77717745
8656,0.77717745
8657,0.77717745
8658,0.77717745
8659,0.7814094
8660,0.77717745
8661,0.7814094
8662,0.77717745
8663,0.77717745
8664,0.77717745
8665,0.77717745
8666,0.77717745
8667,0.77717745
8668,0.77717745
8669,0.77717745
8670,0.77717745
8671,0.77717745
8672,0.77717745
8673,0.7814094
8674,0.77717745
8675,0.77717745
8676,0.77717745
8677,0.77717745
8678,0.77717745
8679,0.77717745
8680,0.77717745
8681,0.77717745
8682,0.77717745
8683,0.77717745
8684,0.7814094
8685,0.7814094
8686,0.7814094
8687,0.77717745
8688,0.77717745
8689,0.77717745
8690,0.77717745
8691,0.77717745
8692,0.77717745
8693,0.77717745
8694,0.77717745
8695,0.77717745
8696,0.77717745
8697,0.77717745
8698,0.77717745
8699,0.77717745
8700,0.77717745
8701,0.7814094
8702,0.77717745
8703,0.77717745
8704,0.79140604
8705,0.77717745
8706,0.77717745
8707,0.77717745
8708,0.77717745
8709,0.7908043
8710,0.77717745
8711,0.77717745
8712,0.77717745
8713,0.77717745
8714,0.77717745
8715,0.7814094
8716,0.77717745
8717,0.7814094
8718,0.7771801
8719,0.77717745
8720,0.7814094
8721,0.77717745
8722,0.77717745
8723,0.77717745
8724,0.77717745
8725,0.77717745
8726,0.77717745
8727,0.77717745
8728,0.77717745
8729,0.77717745
8730,0.7908043
8731,0.77717745
8732,0.77717745
8733,0.77717745
8734,0.77717745
8735,0.77717745
8736,0.77717745
8737,0.77717745
8738,0.77717745
8739,0.77717745
8740,0.77717745
8741,0.77717745
8742,0.77717745
8743,0.77717745
8744,0.77717745
8745,0.77717745
8746,0.77717745
8747,0.77717745
8748,0.77717745
8749,0.77717745
8750,0.7908043
8751,0.77717745
8752,0.77717745
8753,0.7908043
8754,0.77717745
8755,0.7814094
8756,0.77717745
8757,0.77717745
8758,0.77717745
8759,0.77717745
8760,0.77717745
8761,0.77717745
8762,0.77717745
8763,0.77717745
8764,0.77717745
8765,0.7814094
8766,0.77717745
8767,0.77717745
8768,0.77717745
8769,0.77717745
8770,0.77717745
8771,0.77717745
8772,0.77717745
8773,0.77717745
8774,0.7908043
8775,0.77717745
8776,0.77717745
8777,0.77717745
8778,0.77717745
8779,0.77717745
8780,0.77717745
8781,0.77717745
8782,0.77717745
8783,0.7814094
8784,0.77717745
8785,0.7814094
8786,0.77717745
8787,0.77717745
8788,0.77717745
8789,0.77717745
8790,0.77717745
8791,0.7814094
8792,0.77717745
8793,0.7814094
8794,0.77717745
8795,0.77717745
8796,0.77717745
8797,0.77717745
8798,0.77717745
8799,0.77717745
8800,0.7814094
8801,0.77717745
8802,0.77717745
8803,0.7814094
8804,0.77717745
8805,0.77717745
8806,0.77717745
8807,0.77717745
8808,0.7814094
8809,0.77717745
8810,0.77717745
8811,0.77717745
8812,0.77717745
8813,0.7814094
8814,0.77717745
8815,0.77717745
8816,0.77717745
8817,0.77717745
8818,0.77717745
8819,0.77717745
8820,0.77717745
8821,0.77717745
8822,0.7814094
8823,0.77717745
8824,0.77717745
8825,0.77717745
8826,0.77717745
8827,0.77717745
8828,0.77717745
8829,0.77717745
8830,0.77717745
8831,0.77717745
8832,0.77717745
8833,0.7814094
8834,0.77717745
8835,0.77717745
8836,0.77717745
8837,0.77717745
8838,0.77717745
8839,0.77717745
8840,0.77717745
8841,0.77717745
8842,0.77717745
8843,0.7814094
8844,0.77717745
8845,0.77717745
8846,0.77717745
8847,0.77717745
8848,0.77717745
8849,0.77717745
8850,0.77717745
8851,0.77717745
8852,0.77717745
8853,0.7814094
8854,0.77717745
8855,0.77717745
8856,0.7814094
8857,0.77717745
8858,0.77717745
8859,0.77717745
8860,0.77717745
8861,0.77717745
8862,0.77717745
8863,0.77717745
8864,0.77717745
8865,0.77717745
8866,0.77717745
8867,0.77717745
8868,0.77717745
8869,0.77717745
8870,0.77717745
8871,0.7814094
8872,0.77717745
8873,0.77717745
8874,0.77717745
8875,0.77717745
8876,0.77717745
8877,0.77717745
8878,0.77717745
8879,0.77717745
8880,0.77717745
8881,0.77717745
8882,0.77717745
8883,0.77717745
8884,0.7814094
8885,0.77717745
8886,0.77717745
8887,0.77717745
8888,0.7814094
8889,0.77717745
8890,0.77717745
8891,0.77717745
8892,0.77717745
8893,0.77717745
8894,0.7814094
8895,0.77717745
8896,0.77717745
8897,0.77717745
8898,0.77717745
8899,0.77717745
8900,0.7814094
8901,0.77717745
8902,0.77717745
8903,0.77717745
8904,0.77717745
8905,0.77717745
8906,0.7814094
8907,0.7814094
8908,0.77717745
8909,0.77717745
8910,0.77717745
8911,0.77717745
8912,0.77717745
8913,0.77717745
8914,0.77717745
8915,0.77717745
8916,0.77717745
8917,0.77717745
8918,0.77717745
8919,0.77717745
8920,0.7814094
8921,0.77717745
8922,0.77717745
8923,0.77717745
8924,0.7814094
8925,0.77717745
8926,0.77717745
8927,0.77717745
8928,0.77717745
8929,0.77717745
8930,0.77717745
8931,0.77717745
8932,0.77717745
8933,0.77717745
8934,0.7814094
8935,0.77717745
8936,0.77717745
8937,0.77717745
8938,0.77717745
8939,0.77717745
8940,0.77717745
8941,0.7814094
8942,0.7814094
8943,0.77717745
8944,0.77717745
8945,0.77717745
8946,0.77717745
8947,0.77717745
8948,0.77717745
8949,0.77717745
8950,0.77717745
8951,0.77717745
8952,0.77717745
8953,0.77717745
8954,0.77717745
8955,0.77717745
8956,0.7908043
8957,0.77717745
8958,0.77717745
8959,0.7814094
8960,0.77717745
8961,0.77717745
8962,0.787234
8963,0.77717745
8964,0.77717745
8965,0.77717745
8966,0.77717745
8967,0.77717745
8968,0.77717745
8969,0.7814094
8970,0.77717745
8971,0.77717745
8972,0.77717745
8973,0.77717745
8974,0.77717745
8975,0.7814094
8976,0.77717745
8977,0.77717745
8978,0.77717745
8979,0.77717745
8980,0.77717745
8981,0.77717745
8982,0.7814094
8983,0.77717745
8984,0.77717745
8985,0.77717745
8986,0.7814094
8987,0.7908043
8988,0.77717745
8989,0.77717745
8990,0.77717745
8991,0.77717745
8992,0.77717745
8993,0.77717745
8994,0.77717745
8995,0.77717745
8996,0.77717745
8997,0.77717745
8998,0.77717745
8999,0.77717745
9000,0.77717745
9001,0.77717745
9002,0.77717745
9003,0.77717745
9004,0.77717745
9005,0.77717745
9006,0.77717745
9007,0.77717745
9008,0.77717745
9009,0.77717745
9010,0.77717745
9011,0.77717745
9012,0.77717745
9013,0.77717745
9014,0.77717745
9015,0.77717745
9016,0.7814094
9017,0.77717745
9018,0.77717745
9019,0.77717745
9020,0.77717745
9021,0.77717745
9022,0.77717745
9023,0.77717745
9024,0.77717745
9025,0.77717745
9026,0.77717745
9027,0.77717745
9028,0.77717745
9029,0.77717745
9030,0.77717745
9031,0.77717745
9032,0.77717745
9033,0.77717745
9034,0.77717745
9035,0.7814094
9036,0.77717745
9037,0.77717745
9038,0.77717745
9039,0.77717745
9040,0.77717745
9041,0.77717745
9042,0.77717745
9043,0.77717745
9044,0.77717745
9045,0.77717745
9046,0.79140604
9047,0.77717745
9048,0.77717745
9049,0.7814094
9050,0.77717745
9051,0.77717745
9052,0.77717745
9053,0.77717745
9054,0.77717745
9055,0.77717745
9056,0.77717745
9057,0.77717745
9058,0.77717745
9059,0.77717745
9060,0.77717745
9061,0.77717745
9062,0.77717745
9063,0.77717745
9064,0.77717745
9065,0.77717745
9066,0.7814094
9067,0.77717745
9068,0.7814094
9069,0.77717745
9070,0.77717745
9071,0.77717745
9072,0.77717745
9073,0.77717745
9074,0.77717745
9075,0.77717745
9076,0.77717745
9077,0.77717745
9078,0.77717745
9079,0.77717745
9080,0.77717745
9081,0.77717745
9082,0.77717745
9083,0.77717745
9084,0.77717745
9085,0.77717745
9086,0.77717745
9087,0.77717745
9088,0.77717745
9089,0.77717745
9090,0.77717745
9091,0.77717745
9092,0.77717745
9093,0.77717745
9094,0.77717745
9095,0.77717745
9096,0.77717745
9097,0.77717745
9098,0.77717745
9099,0.77717745
9100,0.77717745
9101,0.77717745
9102,0.77717745
9103,0.77717745
9104,0.77717745
9105,0.77717745
9106,0.77717745
9107,0.77717745
9108,0.77717745
9109,0.77717745
9110,0.77717745
9111,0.77717745
9112,0.77717745
9113,0.77717745
9114,0.77717745
9115,0.77717745
9116,0.77717745
9117,0.77717745
9118,0.77717745
9119,0.77717745
9120,0.77717745
9121,0.77717745
9122,0.7814094
9123,0.77717745
9124,0.7814094
9125,0.77717745
9126,0.7814094
9127,0.77717745
9128,0.77717745
9129,0.77717745
9130,0.77717745
9131,0.77717745
9132,0.7814094
9133,0.77717745
9134,0.77717745
9135,0.77717745
9136,0.77717745
9137,0.77717745
9138,0.77717745
9139,0.77717745
9140,0.77717745
9141,0.77717745
9142,0.77717745
9143,0.77717745
9144,0.77717745
9145,0.77717745
9146,0.77717745
9147,0.77717745
9148,0.77717745
9149,0.77717745
9150,0.77717745
9151,0.77717745
9152,0.77717745
9153,0.77717745
9154,0.77717745
9155,0.77717745
9156,0.77717745
9157,0.77717745
9158,0.77717745
9159,0.77717745
9160,0.77717745
9161,0.77717745
9162,0.77717745
9163,0.77717745
9164,0.77717745
9165,0.77717745
9166,0.77717745
9167,0.77717745
9168,0.7814094
9169,0.77717745
9170,0.7814094
9171,0.77717745
9172,0.7814094
9173,0.77717745
9174,0.77717745
9175,0.77717745
9176,0.77717745
9177,0.77717745
9178,0.77717745
9179,0.77717745
9180,0.77717745
9181,0.7814094
9182,0.77717745
9183,0.77717745
9184,0.77717745
9185,0.77717745
9186,0.77717745
9187,0.77717745
9188,0.77717745
9189,0.77717745
9190,0.77717745
9191,0.77717745
9192,0.77717745
9193,0.77717745
9194,0.77717745
9195,0.77717745
9196,0.77717745
9197,0.7814094
9198,0.77717745
9199,0.77717745
9200,0.77717745
9201,0.7814094
9202,0.77717745
9203,0.7814094
9204,0.77717745
9205,0.77717745
9206,0.77717745
9207,0.77717745
9208,0.7814094
9209,0.77717745
9210,0.77717745
9211,0.77717745
9212,0.77717745
9213,0.77717745
9214,0.77717745
9215,0.77717745
9216,0.77717745
9217,0.77717745
9218,0.77717745
9219,0.77717745
9220,0.77717745
9221,0.77717745
9222,0.7814094
9223,0.77717745
9224,0.77717745
9225,0.77717745
9226,0.77717745
9227,0.7908043
9228,0.77717745
9229,0.77717745
9230,0.77717745
9231,0.77717745
9232,0.77717745
9233,0.77717745
9234,0.77717745
9235,0.77717745
9236,0.77717745
9237,0.7814094
9238,0.77717745
9239,0.77717745
9240,0.77717745
9241,0.77717745
9242,0.77717745
9243,0.77717745
9244,0.77717745
9245,0.77717745
9246,0.77717745
9247,0.77717745
9248,0.77717745
9249,0.77717745
9250,0.77717745
9251,0.77717745
9252,0.787234
9253,0.77717745
9254,0.77717745
9255,0.77717745
9256,0.77717745
9257,0.77717745
9258,0.77717745
9259,0.77717745
9260,0.7814094
9261,0.77717745
9262,0.77717745
9263,0.77717745
9264,0.77717745
9265,0.77717745
9266,0.77717745
9267,0.77717745
9268,0.7814094
9269,0.77717745
9270,0.77717745
9271,0.77717745
9272,0.77717745
9273,0.77717745
9274,0.77717745
9275,0.7814094
9276,0.77717745
9277,0.77717745
9278,0.77717745
9279,0.77717745
9280,0.7814094
9281,0.77717745
9282,0.77717745
9283,0.77717745
9284,0.77717745
9285,0.77717745
9286,0.77717745
9287,0.77717745
9288,0.77717745
9289,0.77717745
9290,0.7814094
9291,0.77717745
9292,0.77717745
9293,0.77717745
9294,0.77717745
9295,0.77717745
9296,0.77717745
9297,0.77717745
9298,0.7814094
9299,0.77717745
9300,0.77717745
9301,0.77717745
9302,0.77717745
9303,0.77717745
9304,0.77717745
9305,0.77717745
9306,0.77717745
9307,0.77717745
9308,0.77717745
9309,0.77717745
9310,0.77717745
9311,0.77717745
9312,0.77717745
9313,0.79140604
9314,0.77717745
9315,0.77717745
9316,0.7814094
9317,0.77717745
9318,0.77717745
9319,0.7814094
9320,0.77717745
9321,0.77717745
9322,0.77717745
9323,0.77717745
9324,0.77717745
9325,0.77717745
9326,0.77717745
9327,0.7814094
9328,0.77717745
9329,0.77717745
9330,0.77717745
9331,0.77717745
9332,0.77717745
9333,0.77717745
9334,0.7814094
9335,0.77717745
9336,0.7814094
9337,0.77717745
9338,0.77717745
9339,0.77717745
9340,0.77717745
9341,0.77717745
9342,0.77717745
9343,0.7814094
9344,0.77717745
9345,0.77717745
9346,0.77717745
9347,0.77717745
9348,0.77717745
9349,0.77717745
9350,0.7814094
9351,0.77717745
9352,0.77717745
9353,0.77717745
9354,0.77717745
9355,0.77717745
9356,0.77717745
9357,0.77717745
9358,0.77717745
9359,0.77717745
9360,0.7814094
9361,0.7814094
9362,0.77717745
9363,0.77717745
9364,0.77717745
9365,0.77717745
9366,0.77717745
9367,0.77717745
9368,0.7814094
9369,0.77717745
9370,0.77717745
9371,0.77717745
9372,0.7814094
9373,0.77717745
9374,0.77717745
9375,0.7814094
9376,0.77717745
9377,0.7814094
9378,0.77717745
9379,0.7814094
9380,0.77717745
9381,0.77717745
9382,0.77717745
9383,0.77717745
9384,0.7814094
9385,0.7814094
9386,0.77717745
9387,0.77717745
9388,0.7908043
9389,0.77717745
9390,0.77717745
9391,0.7814094
9392,0.77717745
9393,0.77717745
9394,0.77717745
9395,0.77717745
9396,0.77717745
9397,0.77717745
9398,0.77717745
9399,0.77717745
9400,0.77717745
9401,0.77717745
9402,0.77717745
9403,0.77717745
9404,0.77717745
9405,0.77717745
9406,0.77717745
9407,0.77717745
9408,0.77717745
9409,0.77717745
9410,0.77717745
9411,0.77717745
9412,0.7814094
9413,0.77717745
9414,0.77717745
9415,0.77717745
9416,0.77717745
9417,0.77717745
9418,0.77717745
9419,0.77717745
9420,0.77717745
9421,0.7814094
9422,0.7814094
9423,0.77717745
9424,0.77717745
9425,0.77717745
9426,0.77717745
9427,0.77717745
9428,0.77717745
9429,0.7814094
9430,0.77717745
9431,0.77717745
9432,0.7814094
9433,0.7814094
9434,0.77717745
9435,0.77717745
9436,0.77717745
9437,0.77717745
9438,0.77717745
9439,0.77717745
9440,0.77717745
9441,0.7814094
9442,0.77717745
9443,0.77717745
9444,0.77717745
9445,0.77717745
9446,0.77717745
9447,0.77717745
9448,0.77717745
9449,0.77717745
9450,0.77717745
9451,0.77717745
9452,0.77717745
9453,0.77717745
9454,0.77717745
9455,0.7814094
9456,0.77717745
9457,0.77717745
9458,0.77717745
9459,0.77717745
9460,0.77717745
9461,0.77717745
9462,0.77717745
9463,0.77717745
9464,0.77717745
9465,0.77717745
9466,0.77717745
9467,0.77717745
9468,0.77717745
9469,0.77717745
9470,0.7814094
9471,0.77717745
9472,0.77717745
9473,0.7814094
9474,0.77717745
9475,0.77717745
9476,0.77717745
9477,0.77717745
9478,0.77717745
9479,0.77717745
9480,0.77717745
9481,0.77717745
9482,0.77717745
9483,0.77717745
9484,0.77717745
9485,0.77717745
9486,0.77717745
9487,0.77717745
9488,0.77717745
9489,0.77717745
9490,0.77717745
9491,0.77717745
9492,0.77717745
9493,0.77717745
9494,0.77717745
9495,0.77717745
9496,0.77717745
9497,0.77717745
9498,0.77717745
9499,0.77717745
9500,0.77717745
9501,0.77717745
9502,0.77717745
9503,0.7814094
9504,0.77717745
9505,0.7814094
9506,0.77717745
9507,0.77717745
9508,0.77717745
9509,0.77717745
9510,0.77717745
9511,0.77717745
9512,0.77717745
9513,0.77717745
9514,0.77717745
9515,0.77717745
9516,0.77717745
9517,0.77717745
9518,0.77717745
9519,0.77717745
9520,0.7814094
9521,0.77717745
9522,0.77717745
9523,0.77717745
9524,0.7814094
9525,0.77717745
9526,0.77717745
9527,0.77717745
9528,0.77717745
9529,0.77717745
9530,0.7814094
9531,0.77717745
9532,0.77717745
9533,0.77717745
9534,0.7814094
9535,0.77717745
9536,0.77717745
9537,0.77717745
9538,0.77717745
9539,0.77717745
9540,0.77717745
9541,0.77717745
9542,0.77717745
9543,0.77717745
9544,0.77717745
9545,0.77717745
9546,0.77717745
9547,0.7814094
9548,0.77717745
9549,0.77717745
9550,0.77717745
9551,0.77717745
9552,0.77717745
9553,0.77717745
9554,0.77717745
9555,0.77717745
9556,0.77717745
9557,0.77717745
9558,0.77717745
9559,0.77717745
9560,0.77717745
9561,0.77717745
9562,0.77717745
9563,0.77717745
9564,0.77717745
9565,0.7814094
9566,0.77717745
9567,0.77717745
9568,0.77717745
9569,0.77717745
9570,0.77717745
9571,0.77717745
9572,0.77717745
9573,0.77717745
9574,0.77717745
9575,0.77717745
9576,0.77717745
9577,0.77717745
9578,0.77717745
9579,0.7814094
9580,0.77717745
9581,0.77717745
9582,0.77717745
9583,0.77717745
9584,0.77717745
9585,0.77717745
9586,0.77717745
9587,0.77717745
9588,0.77717745
9589,0.77717745
9590,0.77717745
9591,0.77717745
9592,0.77717745
9593,0.77717745
9594,0.77717745
9595,0.77717745
9596,0.77717745
9597,0.77717745
9598,0.77717745
9599,0.77717745
9600,0.77717745
9601,0.77717745
9602,0.77717745
9603,0.7814094
9604,0.77717745
9605,0.7814094
9606,0.7814094
9607,0.77717745
9608,0.77717745
9609,0.77717745
9610,0.77717745
9611,0.77717745
9612,0.77717745
9613,0.77717745
9614,0.7814094
9615,0.77717745
9616,0.77717745
9617,0.77717745
9618,0.77717745
9619,0.77717745
9620,0.77717745
9621,0.77717745
9622,0.77717745
9623,0.7908043
9624,0.77717745
9625,0.77717745
9626,0.77717745
9627,0.77717745
9628,0.77717745
9629,0.77717745
9630,0.77717745
9631,0.77717745
9632,0.77717745
9633,0.77717745
9634,0.77717745
9635,0.77717745
9636,0.77717745
9637,0.77717745
9638,0.77717745
9639,0.77717745
9640,0.77717745
9641,0.77717745
9642,0.77717745
9643,0.77717745
9644,0.77717745
9645,0.77717745
9646,0.77717745
9647,0.77717745
9648,0.77717745
9649,0.77717745
9650,0.7814094
9651,0.77717745
9652,0.77717745
9653,0.7814094
9654,0.77717745
9655,0.77717745
9656,0.77717745
9657,0.77717745
9658,0.77717745
9659,0.77717745
9660,0.7814094
9661,0.7814094
9662,0.77717745
9663,0.77717745
9664,0.77717745
9665,0.79140604
9666,0.77717745
9667,0.77717745
9668,0.77717745
9669,0.77717745
9670,0.77717745
9671,0.7814094
9672,0.77717745
9673,0.77717745
9674,0.7814094
9675,0.77717745
9676,0.77717745
9677,0.7814094
9678,0.7814094
9679,0.77717745
9680,0.77717745
9681,0.77717745
9682,0.77717745
9683,0.77717745
9684,0.77717745
9685,0.77717745
9686,0.77717745
9687,0.77717745
9688,0.77717745
9689,0.77717745
9690,0.77717745
9691,0.77717745
9692,0.77717745
9693,0.77717745
9694,0.77717745
9695,0.77717745
9696,0.77717745
9697,0.77717745
9698,0.7814094
9699,0.77717745
9700,0.77717745
9701,0.77717745
9702,0.77717745
9703,0.7956423
9704,0.77717745
9705,0.7814094
9706,0.77717745
9707,0.77717745
9708,0.77717745
9709,0.77717745
9710,0.77717745
9711,0.77717745
9712,0.77717745
9713,0.77717745
9714,0.77717745
9715,0.77717745
9716,0.77717745
9717,0.77717745
9718,0.77717745
9719,0.77717745
9720,0.77717745
9721,0.77717745
9722,0.77717745
9723,0.77717745
9724,0.7814094
9725,0.77717745
9726,0.77717745
9727,0.77717745
9728,0.77717745
9729,0.77717745
9730,0.7814094
9731,0.7814094
9732,0.77717745
9733,0.77717745
9734,0.77717745
9735,0.7814094
9736,0.77717745
9737,0.77717745
9738,0.77717745
9739,0.7814094
9740,0.77717745
9741,0.77717745
9742,0.77717745
9743,0.787234
9744,0.77717745
9745,0.77717745
9746,0.77717745
9747,0.77717745
9748,0.77717745
9749,0.77717745
9750,0.77717745
9751,0.77717745
9752,0.77717745
9753,0.77717745
9754,0.77717745
9755,0.77717745
9756,0.77717745
9757,0.77717745
9758,0.77717745
9759,0.77717745
9760,0.77717745
9761,0.77717745
9762,0.77717745
9763,0.77717745
9764,0.77717745
9765,0.77717745
9766,0.77717745
9767,0.77717745
9768,0.7814094
9769,0.77717745
9770,0.77717745
9771,0.77717745
9772,0.787234
9773,0.7814094
9774,0.77717745
9775,0.7814094
9776,0.77717745
9777,0.77717745
9778,0.7814094
9779,0.77717745
9780,0.77717745
9781,0.77717745
9782,0.77717745
9783,0.77717745
9784,0.77717745
9785,0.77717745
9786,0.77717745
9787,0.77717745
9788,0.77717745
9789,0.77717745
9790,0.77717745
9791,0.7868813
9792,0.7814094
9793,0.77717745
9794,0.77717745
9795,0.77717745
9796,0.7814094
9797,0.77717745
9798,0.77717745
9799,0.77717745
9800,0.77717745
9801,0.77717745
9802,0.77717745
9803,0.77717745
9804,0.77717745
9805,0.77717745
9806,0.77717745
9807,0.77717745
9808,0.77717745
9809,0.77717745
9810,0.77717745
9811,0.77717745
9812,0.77717745
9813,0.77717745
9814,0.77717745
9815,0.77717745
9816,0.77717745
9817,0.77717745
9818,0.77717745
9819,0.77717745
9820,0.77717745
9821,0.77717745
9822,0.77717745
9823,0.77717745
9824,0.77717745
9825,0.77717745
9826,0.77717745
9827,0.77717745
9828,0.77717745
9829,0.77717745
9830,0.7814094
9831,0.77717745
9832,0.77717745
9833,0.7814094
9834,0.77717745
9835,0.77717745
9836,0.77717745
9837,0.77717745
9838,0.77717745
9839,0.77717745
9840,0.77717745
9841,0.77717745
9842,0.77717745
9843,0.77717745
9844,0.77717745
9845,0.77717745
9846,0.77717745
9847,0.77717745
9848,0.77717745
9849,0.77717745
9850,0.77717745
9851,0.77717745
9852,0.77717745
9853,0.77717745
9854,0.77717745
9855,0.77717745
9856,0.77717745
9857,0.77717745
9858,0.77717745
9859,0.77717745
9860,0.77717745
9861,0.77717745
9862,0.77717745
9863,0.77717745
9864,0.7814094
9865,0.77717745
9866,0.77717745
9867,0.77717745
9868,0.77717745
9869,0.7814094
9870,0.77717745
9871,0.77717745
9872,0.77717745
9873,0.77717745
9874,0.77717745
9875,0.7908043
9876,0.77717745
9877,0.7814094
9878,0.77717745
9879,0.77717745
9880,0.77717745
9881,0.77717745
9882,0.77717745
9883,0.77717745
9884,0.77717745
9885,0.77717745
9886,0.77717745
9887,0.7814094
9888,0.77717745
9889,0.77717745
9890,0.77717745
9891,0.7814094
9892,0.77717745
9893,0.77717745
9894,0.77717745
9895,0.77717745
9896,0.77717745
9897,0.77717745
9898,0.77717745
9899,0.7814094
9900,0.77717745
9901,0.77717745
9902,0.77717745
9903,0.77717745
9904,0.7814094
9905,0.77717745
9906,0.77717745
9907,0.77717745
9908,0.77717745
9909,0.77717745
9910,0.77717745
9911,0.77717745
9912,0.7814094
9913,0.77717745
9914,0.7814094
9915,0.7814094
9916,0.77717745
9917,0.77717745
9918,0.77717745
9919,0.77717745
9920,0.77717745
9921,0.77717745
9922,0.77717745
9923,0.77717745
9924,0.77717745
9925,0.7814094
9926,0.7814094
9927,0.77717745
9928,0.77717745
9929,0.77717745
9930,0.77717745
9931,0.77717745
9932,0.77717745
9933,0.77717745
9934,0.77717745
9935,0.77717745
9936,0.77717745
9937,0.77717745
9938,0.77717745
9939,0.77717745
9940,0.7814094
9941,0.77717745
9942,0.77717745
9943,0.77717745
9944,0.77717745
9945,0.77717745
9946,0.7814094
9947,0.77717745
9948,0.77717745
9949,0.77717745
9950,0.77717745
9951,0.77717745
9952,0.77717745
9953,0.77717745
9954,0.77717745
9955,0.77717745
9956,0.7908043
9957,0.77717745
9958,0.77717745
9959,0.77717745
9960,0.77717745
9961,0.77717745
9962,0.77717745
9963,0.7814094
9964,0.77717745
9965,0.77717745
9966,0.7814094
9967,0.77717745
9968,0.77717745
9969,0.77717745
9970,0.77717745
9971,0.7814094
9972,0.77717745
9973,0.7814094
9974,0.77717745
9975,0.79140604
9976,0.77717745
9977,0.77717745
9978,0.77717745
9979,0.77717745
9980,0.77717745
9981,0.77717745
9982,0.77717745
9983,0.77717745
9984,0.77717745
9985,0.77717745
9986,0.77717745
9987,0.77717745
9988,0.77717745
9989,0.7814094
9990,0.77717745
9991,0.77717745
9992,0.77717745
9993,0.77717745
9994,0.7814094
9995,0.7908043
9996,0.77717745
9997,0.77717745
9998,0.77717745
9999,0.77717745
10000,0.77717745
10001,0.77717745
10002,0.77717745
10003,0.77717745
10004,0.7814094
10005,0.77717745
10006,0.77717745
10007,0.77717745
10008,0.790131
10009,0.7814094
10010,0.77717745
10011,0.77717745
10012,0.77717745
10013,0.7814094
10014,0.77717745
10015,0.77717745
10016,0.77717745
10017,0.77717745
10018,0.77717745
10019,0.77717745
10020,0.77717745
10021,0.77717745
10022,0.77717745
10023,0.77717745
10024,0.77717745
10025,0.77717745
10026,0.79140604
10027,0.77717745
10028,0.77717745
10029,0.77717745
10030,0.77717745
10031,0.77717745
10032,0.77717745
10033,0.77717745
10034,0.77717745
10035,0.7814094
10036,0.77717745
10037,0.77717745
10038,0.77717745
10039,0.77717745
10040,0.77717745
10041,0.77717745
10042,0.77717745
10043,0.77717745
10044,0.7814094
10045,0.77717745
10046,0.77717745
10047,0.7814094
10048,0.77717745
10049,0.77717745
10050,0.77717745
10051,0.77717745
10052,0.77717745
10053,0.77717745
10054,0.7814094
10055,0.77717745
10056,0.77717745
10057,0.77717745
10058,0.77717745
10059,0.7814094
10060,0.7814094
10061,0.7814094
10062,0.77717745
10063,0.77717745
10064,0.77717745
10065,0.77717745
10066,0.77717745
10067,0.77717745
10068,0.77717745
10069,0.77717745
10070,0.77717745
10071,0.77717745
10072,0.77717745
10073,0.77717745
10074,0.77717745
10075,0.77717745
10076,0.77717745
10077,0.77717745
10078,0.77717745
10079,0.77717745
10080,0.77717745
10081,0.77717745
10082,0.77717745
10083,0.77717745
10084,0.77717745
10085,0.77717745
10086,0.77717745
10087,0.77717745
10088,0.77717745
10089,0.7814094
10090,0.77717745
10091,0.77717745
10092,0.77717745
10093,0.77717745
10094,0.77717745
10095,0.77717745
10096,0.77717745
10097,0.77717745
10098,0.77717745
10099,0.77717745
10100,0.77717745
10101,0.79140604
10102,0.77717745
10103,0.77717745
10104,0.77717745
10105,0.77717745
10106,0.77717745
10107,0.77717745
10108,0.7814094
10109,0.7814094
10110,0.7814094
10111,0.77717745
10112,0.77717745
10113,0.77717745
10114,0.77717745
10115,0.77717745
10116,0.77717745
10117,0.77717745
10118,0.77717745
10119,0.77717745
10120,0.7814094
10121,0.77717745
10122,0.7814094
10123,0.77717745
10124,0.7814094
10125,0.77717745
10126,0.77717745
10127,0.77717745
10128,0.77717745
10129,0.77717745
10130,0.77717745
10131,0.77717745
10132,0.77717745
10133,0.77717745
10134,0.77717745
10135,0.77717745
10136,0.77717745
10137,0.77717745
10138,0.77717745
10139,0.77717745
10140,0.77717745
10141,0.7814094
10142,0.7814094
10143,0.77717745
10144,0.77717745
10145,0.77717745
10146,0.77717745
10147,0.77717745
10148,0.77717745
10149,0.7814094
10150,0.77717745
10151,0.77717745
10152,0.77717745
10153,0.77717745
10154,0.77717745
10155,0.77717745
10156,0.77717745
10157,0.77717745
10158,0.77717745
10159,0.77717745
10160,0.77717745
10161,0.77717745
10162,0.7814094
10163,0.77717745
10164,0.77717745
10165,0.77717745
10166,0.7814094
10167,0.77717745
10168,0.77717745
10169,0.77717745
10170,0.7908043
10171,0.77717745
10172,0.7814094
10173,0.7814094
10174,0.77717745
10175,0.77717745
10176,0.77717745
10177,0.77717745
10178,0.77717745
10179,0.77717745
10180,0.77717745
10181,0.77717745
10182,0.77717745
10183,0.77717745
10184,0.77717745
10185,0.7814094
10186,0.77717745
10187,0.77717745
10188,0.7814094
10189,0.77717745
10190,0.77717745
10191,0.77717745
10192,0.77717745
10193,0.77717745
10194,0.77717745
10195,0.77717745
10196,0.7814094
10197,0.77717745
10198,0.77717745
10199,0.77717745
10200,0.77717745
10201,0.77717745
10202,0.77717745
10203,0.77717745
10204,0.77717745
10205,0.77717745
10206,0.77717745
10207,0.77717745
10208,0.77717745
10209,0.77717745
10210,0.77717745
10211,0.77717745
10212,0.77717745
10213,0.77717745
10214,0.77717745
10215,0.77717745
10216,0.77717745
10217,0.7814094
10218,0.77717745
10219,0.77717745
10220,0.7814094
10221,0.77717745
10222,0.77717745
10223,0.77717745
10224,0.77717745
10225,0.77717745
10226,0.77717745
10227,0.77717745
10228,0.77717745
10229,0.77717745
10230,0.77717745
10231,0.7814094
10232,0.77717745
10233,0.77717745
10234,0.7908043
10235,0.77717745
10236,0.77717745
10237,0.7814094
10238,0.77717745
10239,0.77717745
10240,0.77717745
10241,0.77717745
10242,0.77717745
10243,0.77717745
10244,0.77717745
10245,0.77717745
10246,0.77717745
10247,0.77717745
10248,0.77717745
10249,0.77717745
10250,0.77717745
10251,0.77717745
10252,0.77717745
10253,0.77717745
10254,0.7814094
10255,0.77717745
10256,0.77717745
10257,0.77717745
10258,0.7814094
10259,0.7814094
10260,0.77717745
10261,0.77717745
10262,0.77717745
10263,0.77717745
10264,0.77717745
10265,0.77717745
10266,0.7814094
10267,0.77717745
10268,0.77717745
10269,0.77717745
10270,0.77717745
10271,0.77717745
10272,0.77717745
10273,0.77717745
10274,0.77717745
10275,0.77717745
10276,0.77717745
10277,0.7814094
10278,0.7908043
10279,0.77717745
10280,0.77717745
10281,0.77717745
10282,0.77717745
10283,0.7814094
10284,0.77717745
10285,0.77717745
10286,0.77717745
10287,0.77717745
10288,0.77717745
10289,0.77717745
10290,0.77717745
10291,0.77717745
10292,0.77717745
10293,0.77717745
10294,0.77717745
10295,0.77717745
10296,0.77717745
10297,0.77717745
10298,0.7814094
10299,0.77717745
10300,0.77717745
10301,0.77717745
10302,0.77717745
10303,0.77717745
10304,0.77717745
10305,0.77717745
10306,0.77717745
10307,0.7814094
10308,0.77717745
10309,0.77717745
10310,0.77717745
10311,0.77717745
10312,0.77717745
10313,0.77717745
10314,0.77717745
10315,0.77717745
10316,0.77717745
10317,0.77717745
10318,0.77717745
10319,0.77717745
10320,0.77717745
10321,0.77717745
10322,0.77717745
10323,0.77717745
10324,0.77717745
10325,0.77717745
10326,0.77717745
10327,0.77717745
10328,0.77717745
10329,0.77717745
10330,0.77717745
10331,0.77717745
10332,0.77717745
10333,0.7814094
10334,0.77717745
10335,0.77717745
10336,0.77717745
10337,0.77717745
10338,0.77717745
10339,0.77717745
10340,0.77717745
10341,0.77717745
10342,0.77717745
10343,0.77717745
10344,0.77717745
10345,0.77717745
10346,0.77717745
10347,0.77717745
10348,0.77717745
10349,0.77717745
10350,0.77717745
10351,0.77717745
10352,0.7814094
10353,0.77717745
10354,0.77717745
10355,0.77717745
10356,0.77717745
10357,0.77717745
10358,0.77717745
10359,0.77717745
10360,0.77717745
10361,0.77717745
10362,0.77717745
10363,0.77717745
10364,0.77717745
10365,0.77717745
10366,0.77717745
10367,0.77717745
10368,0.77717745
10369,0.77717745
10370,0.77717745
10371,0.77717745
10372,0.77717745
10373,0.77717745
10374,0.77717745
10375,0.77717745
10376,0.7814094
10377,0.77717745
10378,0.77717745
10379,0.77717745
10380,0.77717745
10381,0.77717745
10382,0.77717745
10383,0.77717745
10384,0.77717745
10385,0.77717745
10386,0.77717745
10387,0.77717745
10388,0.77717745
10389,0.77717745
10390,0.77717745
10391,0.7814094
10392,0.77717745
10393,0.77717745
10394,0.77717745
10395,0.77717745
10396,0.77717745
10397,0.77717745
10398,0.77717745
10399,0.77717745
10400,0.77717745
10401,0.77717745
10402,0.77717745
10403,0.77717745
10404,0.77717745
10405,0.7814094
10406,0.77717745
10407,0.77717745
10408,0.77717745
10409,0.77717745
10410,0.7814094
10411,0.77717745
10412,0.77717745
10413,0.77717745
10414,0.77717745
10415,0.77717745
10416,0.77717745
10417,0.77717745
10418,0.77717745
10419,0.77717745
10420,0.77717745
10421,0.77717745
10422,0.77717745
10423,0.77717745
10424,0.77717745
10425,0.77717745
10426,0.77717745
10427,0.77717745
10428,0.77717745
10429,0.7814094
10430,0.77717745
10431,0.77717745
10432,0.77717745
10433,0.77717745
10434,0.77717745
10435,0.77717745
10436,0.77717745
10437,0.77717745
10438,0.77717745
10439,0.7814094
10440,0.77717745
10441,0.77717745
10442,0.77717745
10443,0.77717745
10444,0.77717745
10445,0.77717745
10446,0.77717745
10447,0.77717745
10448,0.77717745
10449,0.77717745
10450,0.7814094
10451,0.77717745
10452,0.77717745
10453,0.77717745
10454,0.77717745
10455,0.77717745
10456,0.77717745
10457,0.7814094
10458,0.77717745
10459,0.7814094
10460,0.7814094
10461,0.77717745
10462,0.7814094
10463,0.77717745
10464,0.77717745
10465,0.77717745
10466,0.77717745
10467,0.77717745
10468,0.7814094
10469,0.77717745
10470,0.77717745
10471,0.77717745
10472,0.77717745
10473,0.77717745
10474,0.77717745
10475,0.77717745
10476,0.77717745
10477,0.77717745
10478,0.77717745
10479,0.77717745
10480,0.77717745
10481,0.77717745
10482,0.77717745
10483,0.7814094
10484,0.77717745
10485,0.77717745
10486,0.77717745
10487,0.7814094
10488,0.77717745
10489,0.77717745
10490,0.77717745
10491,0.77717745
10492,0.77717745
10493,0.77717745
10494,0.77717745
10495,0.7814094
10496,0.77717745
10497,0.7814094
10498,0.77717745
10499,0.77717745
10500,0.77717745
10501,0.77717745
10502,0.77717745
10503,0.77717745
10504,0.77717745
10505,0.787234
10506,0.77717745
10507,0.77717745
10508,0.77717745
10509,0.77717745
10510,0.77717745
10511,0.77717745
10512,0.7814094
10513,0.77717745
10514,0.77717745
10515,0.77717745
10516,0.7814094
10517,0.77717745
10518,0.77717745
10519,0.77717745
10520,0.77717745
10521,0.77717745
10522,0.7814094
10523,0.77717745
10524,0.77717745
10525,0.7814094
10526,0.77717745
10527,0.77717745
10528,0.77717745
10529,0.77717745
10530,0.77717745
10531,0.77717745
10532,0.77717745
10533,0.77717745
10534,0.77717745
10535,0.77717745
10536,0.7814094
10537,0.77717745
10538,0.77717745
10539,0.7814094
10540,0.77717745
10541,0.77717745
10542,0.77717745
10543,0.77717745
10544,0.77717745
10545,0.77717745
10546,0.77717745
10547,0.77717745
10548,0.77717745
10549,0.77717745
10550,0.77717745
10551,0.77717745
10552,0.77717745
10553,0.77717745
10554,0.77717745
10555,0.77717745
10556,0.77717745
10557,0.77717745
10558,0.77717745
10559,0.77717745
10560,0.77717745
10561,0.77717745
10562,0.7814094
10563,0.77717745
10564,0.77717745
10565,0.77717745
10566,0.77717745
10567,0.77717745
10568,0.7814094
10569,0.77717745
10570,0.77717745
10571,0.77717745
10572,0.77717745
10573,0.77717745
10574,0.77717745
10575,0.77717745
10576,0.7814094
10577,0.77717745
10578,0.77717745
10579,0.77717745
10580,0.77717745
10581,0.77717745
10582,0.77717745
10583,0.77717745
10584,0.77717745
10585,0.77717745
10586,0.77717745
10587,0.77717745
10588,0.77717745
10589,0.77717745
10590,0.77717745
10591,0.77717745
10592,0.77717745
10593,0.77717745
10594,0.77717745
10595,0.77717745
10596,0.77717745
10597,0.77717745
10598,0.77717745
10599,0.7814094
10600,0.77717745
10601,0.77717745
10602,0.77717745
10603,0.77717745
10604,0.7814094
10605,0.77717745
10606,0.77717745
10607,0.77717745
10608,0.77717745
10609,0.77717745
10610,0.77717745
10611,0.77717745
10612,0.77717745
10613,0.77717745
10614,0.77717745
10615,0.77717745
10616,0.77717745
10617,0.7814094
10618,0.77717745
10619,0.77717745
10620,0.77717745
10621,0.77717745
10622,0.77717745
10623,0.77717745
10624,0.77717745
10625,0.77717745
10626,0.77717745
10627,0.77717745
10628,0.77717745
10629,0.77717745
10630,0.77717745
10631,0.77717745
10632,0.77717745
10633,0.7814094
10634,0.77717745
10635,0.77717745
10636,0.77717745
10637,0.77717745
10638,0.77717745
10639,0.77717745
10640,0.77717745
10641,0.77717745
10642,0.77717745
10643,0.77717745
10644,0.77717745
10645,0.77717745
10646,0.77717745
10647,0.77717745
10648,0.77717745
10649,0.77717745
10650,0.77717745
10651,0.77717745
10652,0.77717745
10653,0.77717745
10654,0.77717745
10655,0.77717745
10656,0.7814094
10657,0.7814094
10658,0.77717745
10659,0.77717745
10660,0.77717745
10661,0.77717745
10662,0.77717745
10663,0.77717745
10664,0.77717745
10665,0.77717745
10666,0.7814094
10667,0.77717745
10668,0.77717745
10669,0.77717745
10670,0.77717745
10671,0.77717745
10672,0.77717745
10673,0.77717745
10674,0.77717745
10675,0.77717745
10676,0.77717745
10677,0.77717745
10678,0.77717745
10679,0.77717745
10680,0.77717745
10681,0.77717745
10682,0.77717745
10683,0.77717745
10684,0.77717745
10685,0.77717745
10686,0.77717745
10687,0.77717745
10688,0.77717745
10689,0.77717745
10690,0.77717745
10691,0.77717745
10692,0.77717745
10693,0.77717745
10694,0.77717745
10695,0.7814094
10696,0.77717745
10697,0.77717745
10698,0.77717745
10699,0.77717745
10700,0.77717745
10701,0.77717745
10702,0.7814094
10703,0.77717745
10704,0.77717745
10705,0.77717745
10706,0.77717745
10707,0.77717745
10708,0.77717745
10709,0.77717745
10710,0.77717745
10711,0.77717745
10712,0.77717745
10713,0.77717745
10714,0.77717745
10715,0.77717745
10716,0.77717745
10717,0.77717745
10718,0.77717745
10719,0.77717745
10720,0.77717745
10721,0.77717745
10722,0.77717745
10723,0.77717745
10724,0.77717745
10725,0.77717745
10726,0.77717745
10727,0.77717745
10728,0.77717745
10729,0.77717745
10730,0.7814094
10731,0.77717745
10732,0.77717745
10733,0.77717745
10734,0.77717745
10735,0.77717745
10736,0.77717745
10737,0.77717745
10738,0.77717745
10739,0.77717745
10740,0.77717745
10741,0.77717745
10742,0.77717745
10743,0.77717745
10744,0.77717745
10745,0.77717745
10746,0.77717745
10747,0.77717745
10748,0.77717745
10749,0.77717745
10750,0.77717745
10751,0.77717745
10752,0.77717745
10753,0.77717745
10754,0.77717745
10755,0.77717745
10756,0.77717745
10757,0.77717745
10758,0.77717745
10759,0.77717745
10760,0.77717745
10761,0.77717745
10762,0.77717745
10763,0.77717745
10764,0.77717745
10765,0.77717745
10766,0.77717745
10767,0.77717745
10768,0.77717745
10769,0.77717745
10770,0.77717745
10771,0.77717745
10772,0.77717745
10773,0.7814094
10774,0.77717745
10775,0.77717745
10776,0.77717745
10777,0.77717745
10778,0.7814094
10779,0.77717745
10780,0.7814094
10781,0.77717745
10782,0.7814094
10783,0.77717745
10784,0.77717745
10785,0.77717745
10786,0.77717745
10787,0.77717745
10788,0.7814094
10789,0.7814094
10790,0.77717745
10791,0.77717745
10792,0.77717745
10793,0.77717745
10794,0.77717745
10795,0.77717745
10796,0.77717745
10797,0.77717745
10798,0.77717745
10799,0.7814094
10800,0.77717745
10801,0.77717745
10802,0.77717745
10803,0.77717745
10804,0.77717745
10805,0.77717745
10806,0.77717745
10807,0.77717745
10808,0.79013115
10809,0.77717745
10810,0.77717745
10811,0.77717745
10812,0.77717745
10813,0.77717745
10814,0.77717745
10815,0.77717745
10816,0.77717745
10817,0.77717745
10818,0.77717745
10819,0.77717745
10820,0.77717745
10821,0.7814094
10822,0.77717745
10823,0.77717745
10824,0.77717745
10825,0.77717745
10826,0.7814094
10827,0.77717745
10828,0.7814094
10829,0.77717745
10830,0.77717745
10831,0.77717745
10832,0.77717745
10833,0.7814094
10834,0.77717745
10835,0.7814094
10836,0.77717745
10837,0.7814094
10838,0.77717745
10839,0.77717745
10840,0.77717745
10841,0.790131
10842,0.77717745
10843,0.77717745
10844,0.77717745
10845,0.77717745
10846,0.77717745
10847,0.77717745
10848,0.77717745
10849,0.77717745
10850,0.77717745
10851,0.7814094
10852,0.77717745
10853,0.7908043
10854,0.77717745
10855,0.77717745
10856,0.77717745
10857,0.77717745
10858,0.77717745
10859,0.77717745
10860,0.77717745
10861,0.77717745
10862,0.7814094
10863,0.77717745
10864,0.77717745
10865,0.77717745
10866,0.77717745
10867,0.7814094
10868,0.77717745
10869,0.77717745
10870,0.77717745
10871,0.7814094
10872,0.77717745
10873,0.77717745
10874,0.7814094
10875,0.77717745
10876,0.77717745
10877,0.77717745
10878,0.77717745
10879,0.77717745
10880,0.7814094
10881,0.77717745
10882,0.77717745
10883,0.77717745
10884,0.77717745
10885,0.7814094
10886,0.7814094
10887,0.77717745
10888,0.7814094
10889,0.77717745
10890,0.77717745
10891,0.7908043
10892,0.77717745
10893,0.77717745
10894,0.77717745
10895,0.77717745
10896,0.77717745
10897,0.77717745
10898,0.77717745
10899,0.77717745
10900,0.7814094
10901,0.77717745
10902,0.77717745
10903,0.77717745
10904,0.77717745
10905,0.77717745
10906,0.77717745
10907,0.77717745
10908,0.77717745
10909,0.77717745
10910,0.77717745
10911,0.77717745
10912,0.77717745
10913,0.77717745
10914,0.77717745
10915,0.77717745
10916,0.77717745
10917,0.77717745
10918,0.77717745
10919,0.77717745
10920,0.77717745
10921,0.77717745
10922,0.77717745
10923,0.77717745
10924,0.77717745
10925,0.77717745
10926,0.77717745
10927,0.77717745
10928,0.77717745
10929,0.77717745
10930,0.77717745
10931,0.77717745
10932,0.77717745
10933,0.77717745
10934,0.77717745
10935,0.77717745
10936,0.77717745
10937,0.77717745
10938,0.77717745
10939,0.77717745
10940,0.77717745
10941,0.77717745
10942,0.77717745
10943,0.77717745
10944,0.77717745
10945,0.77717745
10946,0.77717745
10947,0.77717745
10948,0.77717745
10949,0.7814094
10950,0.77717745
10951,0.77717745
10952,0.77717745
10953,0.77717745
10954,0.77717745
10955,0.77717745
10956,0.77717745
10957,0.77717745
10958,0.77717745
10959,0.77717745
10960,0.77717745
10961,0.77717745
10962,0.77717745
10963,0.77717745
10964,0.77717745
10965,0.7814094
10966,0.77717745
10967,0.77717745
10968,0.7814094
10969,0.77717745
10970,0.77717745
10971,0.77717745
10972,0.7814094
10973,0.77717745
10974,0.77717745
10975,0.77717745
10976,0.77717745
10977,0.77717745
10978,0.77717745
10979,0.77717745
10980,0.77717745
10981,0.77717745
10982,0.7814094
10983,0.77717745
10984,0.7814094
10985,0.7814094
10986,0.77717745
10987,0.77717745
10988,0.77717745
10989,0.77717745
10990,0.77717745
10991,0.7814094
10992,0.77717745
10993,0.77717745
10994,0.77717745
10995,0.77717745
10996,0.7814094
10997,0.77717745
10998,0.7814094
10999,0.77717745
11000,0.77717745
11001,0.77717745
11002,0.7814094
11003,0.7814094
11004,0.77717745
11005,0.77717745
11006,0.77717745
11007,0.77717745
11008,0.77717745
11009,0.77717745
11010,0.77717745
11011,0.77717745
11012,0.77717745
11013,0.7814094
11014,0.77717745
11015,0.77717745
11016,0.77717745
11017,0.77717745
11018,0.7814094
11019,0.77717745
11020,0.77717745
11021,0.77717745
11022,0.77717745
11023,0.77717745
11024,0.77717745
11025,0.77717745
11026,0.77717745
11027,0.77717745
11028,0.77717745
11029,0.7814094
11030,0.77717745
11031,0.77717745
11032,0.77717745
11033,0.77717745
11034,0.7814094
11035,0.77717745
11036,0.7814094
11037,0.77717745
11038,0.77717745
11039,0.77717745
11040,0.77717745
11041,0.77717745
11042,0.77717745
11043,0.77717745
11044,0.7814094
11045,0.77717745
11046,0.77717745
11047,0.77717745
11048,0.77717745
11049,0.77717745
11050,0.77717745
11051,0.77717745
11052,0.77717745
11053,0.77717745
11054,0.77717745
11055,0.77717745
11056,0.77717745
11057,0.77717745
11058,0.77717745
11059,0.77717745
11060,0.77717745
11061,0.77717745
11062,0.77717745
11063,0.77717745
11064,0.7814094
11065,0.77717745
11066,0.790131
11067,0.77717745
11068,0.77717745
11069,0.77717745
11070,0.77717745
11071,0.77717745
11072,0.77717745
11073,0.77717745
11074,0.77717745
11075,0.77717745
11076,0.77717745
11077,0.77717745
11078,0.77717745
11079,0.77717745
11080,0.77717745
11081,0.790131
11082,0.77717745
11083,0.77717745
11084,0.77717745
11085,0.7814094
11086,0.77717745
11087,0.77717745
11088,0.77717745
11089,0.77717745
11090,0.77717745
11091,0.77717745
11092,0.77717745
11093,0.77717745
11094,0.77717745
11095,0.7814094
11096,0.77717745
11097,0.77717745
11098,0.77717745
11099,0.77717745
11100,0.77717745
11101,0.77717745
11102,0.77717745
11103,0.77717745
11104,0.77717745
11105,0.790131
11106,0.77717745
11107,0.77717745
11108,0.77717745
11109,0.77717745
11110,0.77717745
11111,0.77717745
11112,0.77717745
11113,0.77717745
11114,0.77717745
11115,0.77717745
11116,0.77717745
11117,0.77717745
11118,0.77717745
11119,0.77717745
11120,0.77717745
11121,0.77717745
11122,0.77717745
11123,0.77717745
11124,0.77717745
11125,0.77717745
11126,0.77717745
11127,0.77717745
11128,0.77717745
11129,0.77717745
11130,0.77717745
11131,0.77717745
11132,0.77717745
11133,0.77717745
11134,0.77717745
11135,0.77717745
11136,0.77717745
11137,0.77717745
11138,0.77717745
11139,0.77717745
11140,0.7814094
11141,0.77717745
11142,0.77717745
11143,0.77717745
11144,0.77717745
11145,0.7814094
11146,0.77717745
11147,0.77717745
11148,0.77717745
11149,0.77717745
11150,0.7814094
11151,0.77717745
11152,0.77717745
11153,0.77717745
11154,0.77717745
11155,0.77717745
11156,0.77717745
11157,0.77717745
11158,0.77717745
11159,0.77717745
11160,0.7814094
11161,0.77717745
11162,0.77717745
11163,0.77717745
11164,0.77717745
11165,0.77717745
11166,0.77717745
11167,0.7814094
11168,0.77717745
11169,0.77717745
11170,0.77717745
11171,0.7814094
11172,0.77717745
11173,0.77717745
11174,0.77717745
11175,0.77717745
11176,0.77717745
11177,0.77717745
11178,0.77717745
11179,0.77717745
11180,0.77717745
11181,0.77717745
11182,0.7814094
11183,0.77717745
11184,0.77717745
11185,0.77717745
11186,0.77717745
11187,0.77717745
11188,0.7814094
11189,0.77717745
11190,0.77717745
11191,0.77717745
11192,0.7814094
11193,0.77717745
11194,0.77717745
11195,0.77717745
11196,0.77717745
11197,0.77717745
11198,0.7814094
11199,0.77717745
11200,0.77717745
11201,0.7814094
11202,0.77717745
11203,0.7814094
11204,0.77717745
11205,0.77717745
11206,0.77717745
11207,0.77717745
11208,0.77717745
11209,0.77717745
11210,0.77717745
11211,0.77717745
11212,0.77717745
11213,0.7908043
11214,0.77717745
11215,0.77717745
11216,0.77717745
11217,0.77717745
11218,0.77717745
11219,0.77717745
11220,0.77717745
11221,0.77717745
11222,0.77717745
11223,0.77717745
11224,0.77717745
11225,0.77717745
11226,0.77717745
11227,0.77717745
11228,0.77717745
11229,0.77717745
11230,0.77717745
11231,0.77717745
11232,0.77717745
11233,0.7814094
11234,0.7814094
11235,0.77717745
11236,0.77717745
11237,0.77717745
11238,0.7814094
11239,0.77717745
11240,0.77717745
11241,0.77717745
11242,0.7814094
11243,0.77717745
11244,0.77717745
11245,0.77717745
11246,0.7814094
11247,0.77717745
11248,0.77717745
11249,0.77717745
11250,0.7814094
11251,0.77717745
11252,0.77717745
11253,0.77717745
11254,0.77717745
11255,0.7814094
11256,0.77717745
11257,0.77717745
11258,0.77717745
11259,0.7814094
11260,0.77717745
11261,0.77717745
11262,0.77717745
11263,0.77717745
11264,0.77717745
11265,0.7814094
11266,0.77717745
11267,0.77717745
11268,0.7814094
11269,0.77717745
11270,0.77717745
11271,0.77717745
11272,0.77717745
11273,0.77717745
11274,0.77717745
11275,0.77717745
11276,0.77717745
11277,0.7814094
11278,0.77717745
11279,0.77717745
11280,0.77717745
11281,0.7814094
11282,0.77717745
11283,0.77717745
11284,0.77717745
11285,0.77717745
11286,0.77717745
11287,0.77717745
11288,0.77717745
11289,0.7814094
11290,0.77717745
11291,0.77717745
11292,0.77717745
11293,0.77717745
11294,0.77717745
11295,0.7814094
11296,0.7814094
11297,0.77717745
11298,0.77717745
11299,0.77717745
11300,0.77717745
11301,0.7814094
11302,0.77717745
11303,0.7814094
11304,0.7814094
11305,0.77717745
11306,0.77717745
11307,0.77717745
11308,0.77717745
11309,0.77717745
11310,0.77717745
11311,0.77717745
11312,0.77717745
11313,0.77717745
11314,0.7814094
11315,0.77717745
11316,0.7814094
11317,0.77717745
11318,0.77717745
11319,0.77717745
11320,0.77717745
11321,0.77717745
11322,0.77717745
11323,0.77717745
11324,0.77717745
11325,0.77717745
11326,0.77717745
11327,0.77717745
11328,0.77717745
11329,0.77717745
11330,0.77717745
11331,0.77717745
11332,0.77717745
11333,0.77717745
11334,0.7814094
11335,0.77717745
11336,0.7814094
11337,0.77717745
11338,0.77717745
11339,0.790131
11340,0.77717745
11341,0.7814094
11342,0.77717745
11343,0.77717745
11344,0.77717745
11345,0.77717745
11346,0.77717745
11347,0.7814094
11348,0.77717745
11349,0.77717745
11350,0.77717745
11351,0.77717745
11352,0.77717745
11353,0.77717745
11354,0.77717745
11355,0.787234
11356,0.77717745
11357,0.77717745
11358,0.7814094
11359,0.77717745
11360,0.77717745
11361,0.77717745
11362,0.77717745
11363,0.77717745
11364,0.7814094
11365,0.77717745
11366,0.77717745
11367,0.77717745
11368,0.77717745
11369,0.77717745
11370,0.787234
11371,0.77717745
11372,0.77717745
11373,0.77717745
11374,0.77717745
11375,0.77717745
11376,0.77717745
11377,0.77717745
11378,0.77717745
11379,0.77717745
11380,0.77717745
11381,0.77717745
11382,0.77717745
11383,0.77717745
11384,0.7814094
11385,0.77717745
11386,0.77717745
11387,0.77717745
11388,0.77717745
11389,0.77717745
11390,0.77717745
11391,0.77717745
11392,0.77717745
11393,0.77717745
11394,0.79140604
11395,0.77717745
11396,0.77717745
11397,0.77717745
11398,0.77717745
11399,0.77717745
11400,0.77717745
11401,0.77717745
11402,0.77717745
11403,0.77717745
11404,0.7814094
11405,0.77717745
11406,0.77717745
11407,0.77717745
11408,0.77717745
11409,0.77717745
11410,0.77717745
11411,0.77717745
11412,0.77717745
11413,0.77717745
11414,0.77717745
11415,0.77717745
11416,0.7814094
11417,0.77717745
11418,0.77717745
11419,0.77717745
11420,0.77717745
11421,0.77717745
11422,0.77717745
11423,0.77717745
11424,0.77717745
11425,0.77717745
11426,0.77717745
11427,0.77717745
11428,0.77717745
11429,0.77717745
11430,0.77717745
11431,0.77717745
11432,0.77717745
11433,0.77717745
11434,0.77717745
11435,0.77717745
11436,0.77717745
11437,0.77717745
11438,0.77717745
11439,0.77717745
11440,0.77717745
11441,0.77717745
11442,0.77717745
11443,0.7814094
11444,0.77717745
11445,0.77717745
11446,0.7814094
11447,0.7814094
11448,0.77717745
11449,0.77717745
11450,0.79904073
11451,0.77717745
11452,0.77717745
11453,0.7814094
11454,0.77717745
11455,0.7814094
11456,0.77717745
11457,0.77717745
11458,0.77717745
11459,0.77717745
11460,0.77717745
11461,0.77717745
11462,0.77717745
11463,0.77717745
11464,0.77717745
11465,0.77717745
11466,0.77717745
11467,0.7814094
11468,0.7814094
11469,0.77717745
11470,0.77717745
11471,0.77717745
11472,0.77717745
11473,0.77717745
11474,0.77717745
11475,0.77717745
11476,0.77717745
11477,0.77717745
11478,0.77717745
11479,0.77717745
11480,0.77717745
11481,0.7814094
11482,0.77717745
11483,0.77717745
11484,0.77717745
11485,0.77717745
11486,0.7814094
11487,0.77717745
11488,0.77717745
11489,0.77717745
11490,0.7814094
11491,0.77717745
11492,0.77717745
11493,0.77717745
11494,0.7814094
11495,0.77717745
11496,0.77717745
11497,0.77717745
11498,0.77717745
11499,0.77717745
11500,0.77717745
11501,0.77717745
11502,0.7814094
11503,0.77717745
11504,0.77717745
11505,0.7814094
11506,0.77717745
11507,0.77717745
11508,0.77717745
11509,0.77717745
11510,0.77717745
11511,0.77717745
11512,0.77717745
11513,0.77717745
11514,0.77717745
11515,0.77717745
11516,0.77717745
11517,0.77717745
11518,0.7814094
11519,0.77717745
11520,0.77717745
11521,0.77717745
11522,0.77717745
11523,0.77717745
11524,0.77717745
11525,0.77717745
11526,0.77717745
11527,0.77717745
11528,0.77717745
11529,0.77717745
11530,0.77717745
11531,0.77717745
11532,0.77717745
11533,0.77717745
11534,0.77717745
11535,0.77717745
11536,0.77717745
11537,0.7908043
11538,0.77717745
11539,0.77717745
11540,0.77717745
11541,0.77717745
11542,0.77717745
11543,0.77717745
11544,0.7814094
11545,0.77717745
11546,0.77717745
11547,0.77717745
11548,0.77717745
11549,0.77717745
11550,0.77717745
11551,0.77717745
11552,0.7814094
11553,0.77717745
11554,0.7814094
11555,0.77717745
11556,0.77717745
11557,0.77717745
11558,0.77717745
11559,0.77717745
11560,0.77717745
11561,0.77717745
11562,0.77717745
11563,0.77717745
11564,0.77717745
11565,0.77717745
11566,0.77717745
11567,0.77717745
11568,0.77717745
11569,0.7814094
11570,0.7814094
11571,0.77717745
11572,0.77717745
11573,0.77717745
11574,0.77717745
11575,0.77717745
11576,0.77717745
11577,0.77717745
11578,0.77717745
11579,0.77717745
11580,0.77717745
11581,0.77717745
11582,0.77717745
11583,0.7908043
11584,0.77717745
11585,0.77717745
11586,0.77717745
11587,0.787234
11588,0.77717745
11589,0.77717745
11590,0.7814094
11591,0.77717745
11592,0.77717745
11593,0.77717745
11594,0.77717745
11595,0.77717745
11596,0.77717745
11597,0.77717745
11598,0.77717745
11599,0.77717745
11600,0.77717745
11601,0.77717745
11602,0.7814094
11603,0.77717745
11604,0.77717745
11605,0.77717745
11606,0.77717745
11607,0.77717745
11608,0.77717745
11609,0.77717745
11610,0.77717745
11611,0.77717745
11612,0.77717745
11613,0.77717745
11614,0.77717745
11615,0.77717745
11616,0.77717745
11617,0.77717745
11618,0.77717745
11619,0.77717745
11620,0.77717745
11621,0.77717745
11622,0.77717745
11623,0.77717745
11624,0.77717745
11625,0.77717745
11626,0.77717745
11627,0.77717745
11628,0.77717745
11629,0.77717745
11630,0.77717745
11631,0.7814094
11632,0.77717745
11633,0.77717745
11634,0.77717745
11635,0.77717745
11636,0.77717745
11637,0.77717745
11638,0.77717745
11639,0.77717745
11640,0.77717745
11641,0.77717745
11642,0.77717745
11643,0.77717745
11644,0.77717745
11645,0.77717745
11646,0.77717745
11647,0.77717745
11648,0.77717745
11649,0.77717745
11650,0.77717745
11651,0.77717745
11652,0.77717745
11653,0.77717745
11654,0.77717745
11655,0.77717745
11656,0.77717745
11657,0.7814094
11658,0.77717745
11659,0.77717745
11660,0.77717745
11661,0.77717745
11662,0.77717745
11663,0.77717745
11664,0.77717745
11665,0.77717745
11666,0.7814094
11667,0.77717745
11668,0.77717745
11669,0.77717745
11670,0.77717745
11671,0.77717745
11672,0.77717745
11673,0.77717745
11674,0.77717745
11675,0.77717745
11676,0.77717745
11677,0.77717745
11678,0.77717745
11679,0.77717745
11680,0.77717745
11681,0.77717745
11682,0.7814094
11683,0.77717745
11684,0.77717745
11685,0.77717745
11686,0.77717745
11687,0.77717745
11688,0.77717745
11689,0.7814094
11690,0.77717745
11691,0.77717745
11692,0.77717745
11693,0.77717745
11694,0.77717745
11695,0.77717745
11696,0.77717745
11697,0.7814094
11698,0.77717745
11699,0.77717745
11700,0.7814094
11701,0.77717745
11702,0.77717745
11703,0.77717745
11704,0.77717745
11705,0.77717745
11706,0.77717745
11707,0.77717745
11708,0.77717745
11709,0.77717745
11710,0.7814094
11711,0.77717745
11712,0.77717745
11713,0.77717745
11714,0.77717745
11715,0.77717745
11716,0.77717745
11717,0.77717745
11718,0.77717745
11719,0.77717745
11720,0.77717745
11721,0.77717745
11722,0.77717745
11723,0.7814094
11724,0.77717745
11725,0.77717745
11726,0.77717745
11727,0.77717745
11728,0.7814094
11729,0.77717745
11730,0.77717745
11731,0.77717745
11732,0.77717745
11733,0.77717745
11734,0.787234
11735,0.77717745
11736,0.77717745
11737,0.77717745
11738,0.790131
11739,0.77717745
11740,0.77717745
11741,0.77717745
11742,0.77717745
11743,0.7814094
11744,0.77717745
11745,0.77717745
11746,0.77717745
11747,0.77717745
11748,0.77717745
11749,0.77717745
11750,0.77717745
11751,0.77717745
11752,0.77717745
11753,0.77717745
11754,0.77717745
11755,0.77717745
11756,0.7814094
11757,0.77717745
11758,0.77717745
11759,0.77717745
11760,0.77717745
11761,0.77717745
11762,0.77717745
11763,0.77717745
11764,0.7814094
11765,0.77717745
11766,0.77717745
11767,0.77717745
11768,0.77717745
11769,0.77717745
11770,0.77717745
11771,0.7814094
11772,0.77717745
11773,0.77717745
11774,0.77717745
11775,0.77717745
11776,0.77717745
11777,0.7814094
11778,0.77717745
11779,0.77717745
11780,0.77717745
11781,0.77717745
11782,0.77717745
11783,0.7908043
11784,0.77717745
11785,0.77717745
11786,0.77717745
11787,0.7814094
11788,0.77717745
11789,0.77717745
11790,0.77717745
11791,0.77717745
11792,0.77717745
11793,0.77717745
11794,0.77717745
11795,0.77717745
11796,0.77717745
11797,0.77717745
11798,0.7814094
11799,0.77717745
11800,0.77717745
11801,0.77717745
11802,0.77717745
11803,0.77717745
11804,0.77717745
11805,0.77717745
11806,0.7814094
11807,0.77717745
11808,0.77717745
11809,0.77717745
11810,0.77717745
11811,0.77717745
11812,0.77717745
11813,0.7814094
11814,0.77717745
11815,0.77717745
11816,0.77717745
11817,0.77717745
11818,0.7814094
11819,0.7814094
11820,0.77717745
11821,0.77717745
11822,0.77717745
11823,0.77717745
11824,0.77717745
11825,0.77717745
11826,0.77717745
11827,0.7814094
11828,0.7814094
11829,0.77717745
11830,0.7814094
11831,0.77717745
11832,0.77717745
11833,0.7814094
11834,0.77717745
11835,0.77717745
11836,0.77717745
11837,0.77717745
11838,0.7814094
11839,0.7814094
11840,0.77717745
11841,0.77717745
11842,0.7814094
11843,0.7814094
11844,0.77717745
11845,0.77717745
11846,0.77717745
11847,0.77717745
11848,0.77717745
11849,0.77717745
11850,0.77717745
11851,0.77717745
11852,0.77717745
11853,0.77717745
11854,0.77717745
11855,0.77717745
11856,0.77717745
11857,0.77717745
11858,0.7814094
11859,0.77717745
11860,0.77717745
11861,0.77717745
11862,0.77717745
11863,0.77717745
11864,0.77717745
11865,0.77717745
11866,0.77717745
11867,0.77717745
11868,0.77717745
11869,0.7814094
11870,0.77717745
11871,0.77717745
11872,0.77717745
11873,0.77717745
11874,0.77717745
11875,0.77717745
11876,0.77717745
11877,0.77717745
11878,0.77717745
11879,0.77717745
11880,0.77717745
11881,0.77717745
11882,0.77717745
11883,0.77717745
11884,0.77717745
11885,0.7814094
11886,0.7814094
11887,0.77717745
11888,0.77717745
11889,0.77717745
11890,0.77717745
11891,0.77717745
11892,0.77717745
11893,0.77717745
11894,0.77717745
11895,0.77717745
11896,0.77717745
11897,0.77717745
11898,0.77717745
11899,0.77717745
11900,0.77717745
11901,0.77717745
11902,0.77717745
11903,0.77717745
11904,0.77717745
11905,0.77717745
11906,0.77717745
11907,0.77717745
11908,0.77717745
11909,0.77717745
11910,0.7814094
11911,0.77717745
11912,0.77717745
11913,0.7814094
11914,0.77717745
11915,0.77717745
11916,0.7814094
11917,0.77717745
11918,0.77717745
11919,0.77717745
11920,0.77717745
11921,0.77717745
11922,0.77717745
11923,0.77717745
11924,0.77717745
11925,0.77717745
11926,0.7814094
11927,0.77717745
11928,0.7814094
11929,0.7814094
11930,0.77717745
11931,0.77717745
11932,0.77717745
11933,0.79140604
11934,0.7814094
11935,0.77717745
11936,0.77717745
11937,0.77717745
11938,0.77717745
11939,0.77717745
11940,0.77717745
11941,0.77717745
11942,0.77717745
11943,0.77717745
11944,0.77717745
11945,0.77717745
11946,0.77717745
11947,0.77717745
11948,0.77717745
11949,0.77717745
11950,0.77717745
11951,0.77717745
11952,0.7814094
11953,0.77717745
11954,0.77717745
11955,0.77717745
11956,0.77717745
11957,0.77717745
11958,0.77717745
11959,0.77717745
11960,0.77717745
11961,0.77717745
11962,0.77717745
11963,0.77717745
11964,0.77717745
11965,0.77717745
11966,0.77717745
11967,0.77717745
11968,0.77717745
11969,0.77717745
11970,0.77717745
11971,0.77717745
11972,0.77717745
11973,0.77717745
11974,0.77717745
11975,0.77717745
11976,0.7814094
11977,0.77717745
11978,0.77717745
11979,0.77717745
11980,0.77717745
11981,0.7814094
11982,0.7814094
11983,0.77717745
11984,0.7814094
11985,0.77717745
11986,0.77717745
11987,0.77717745
11988,0.7814094
11989,0.77717745
11990,0.77717745
11991,0.77717745
11992,0.77717745
11993,0.79140604
11994,0.77717745
11995,0.77717745
11996,0.77717745
11997,0.77717745
11998,0.77717745
11999,0.77717745
12000,0.77717745
12001,0.77717745
12002,0.77717745
12003,0.77717745
12004,0.7814094
12005,0.77717745
12006,0.7814094
12007,0.77717745
12008,0.77717745
12009,0.77717745
12010,0.7814094
12011,0.77717745
12012,0.77717745
12013,0.7908043
12014,0.7814094
12015,0.77717745
12016,0.77717745
12017,0.77717745
12018,0.7814094
12019,0.7814094
12020,0.77717745
12021,0.7814094
12022,0.77717745
12023,0.77717745
12024,0.77717745
12025,0.77717745
12026,0.77717745
12027,0.77717745
12028,0.7814094
12029,0.77717745
12030,0.7814094
12031,0.77717745
12032,0.77717745
12033,0.77717745
12034,0.77717745
12035,0.77717745
12036,0.77717745
12037,0.77717745
12038,0.77717745
12039,0.77717745
12040,0.77717745
12041,0.77717745
12042,0.77717745
12043,0.77717745
12044,0.77717745
12045,0.77717745
12046,0.77717745
12047,0.77717745
12048,0.77717745
12049,0.77717745
12050,0.77717745
12051,0.77717745
12052,0.77717745
12053,0.77717745
12054,0.77717745
12055,0.77717745
12056,0.77717745
12057,0.77717745
12058,0.77717745
12059,0.77717745
12060,0.77717745
12061,0.77717745
12062,0.7814094
12063,0.77717745
12064,0.77717745
12065,0.77717745
12066,0.77717745
12067,0.77717745
12068,0.77717745
12069,0.77717745
12070,0.77717745
12071,0.77717745
12072,0.7814094
12073,0.790131
12074,0.77717745
12075,0.77717745
12076,0.77717745
12077,0.77717745
12078,0.77717745
12079,0.77717745
12080,0.77717745
12081,0.77717745
12082,0.77717745
12083,0.7814094
12084,0.77717745
12085,0.77717745
12086,0.77717745
12087,0.77717745
12088,0.77717745
12089,0.77717745
12090,0.77717745
12091,0.77717745
12092,0.77717745
12093,0.77717745
12094,0.7814094
12095,0.77717745
12096,0.77717745
12097,0.77717745
12098,0.77717745
12099,0.77717745
12100,0.77717745
12101,0.77717745
12102,0.77717745
12103,0.77717745
12104,0.77717745
12105,0.77717745
12106,0.77717745
12107,0.77717745
12108,0.77717745
12109,0.77717745
12110,0.77717745
12111,0.7814094
12112,0.77717745
12113,0.77717745
12114,0.77717745
12115,0.77717745
12116,0.77717745
12117,0.7814094
12118,0.77717745
12119,0.77717745
12120,0.77717745
12121,0.77717745
12122,0.77717745
12123,0.77717745
12124,0.7814094
12125,0.77717745
12126,0.77717745
12127,0.77717745
12128,0.7908043
12129,0.77717745
12130,0.77717745
12131,0.77717745
12132,0.77717745
12133,0.77717745
12134,0.77717745
12135,0.77717745
12136,0.7814094
12137,0.77717745
12138,0.77717745
12139,0.77717745
12140,0.77717745
12141,0.77717745
12142,0.77717745
12143,0.77717745
12144,0.77717745
12145,0.77717745
12146,0.77717745
12147,0.77717745
12148,0.7814094
12149,0.77717745
12150,0.7814094
12151,0.77717745
12152,0.77717745
12153,0.77717745
12154,0.77717745
12155,0.77717745
12156,0.77717745
12157,0.77717745
12158,0.77717745
12159,0.77717745
12160,0.77717745
12161,0.77717745
12162,0.77717745
12163,0.77717745
12164,0.77717745
12165,0.77717745
12166,0.77717745
12167,0.77717745
12168,0.77717745
12169,0.77717745
12170,0.7814094
12171,0.77717745
12172,0.77717745
12173,0.77717745
12174,0.77717745
12175,0.77717745
12176,0.77717745
12177,0.77717745
12178,0.77717745
12179,0.77717745
12180,0.77717745
12181,0.77717745
12182,0.77717745
12183,0.77717745
12184,0.77717745
12185,0.7814094
12186,0.77717745
12187,0.77717745
12188,0.77717745
12189,0.7814094
12190,0.77717745
12191,0.77717745
12192,0.77717745
12193,0.77717745
12194,0.77717745
12195,0.77717745
12196,0.77717745
12197,0.77717745
12198,0.77717745
12199,0.7814094
12200,0.77717745
12201,0.77717745
12202,0.77717745
12203,0.7814094
12204,0.7814094
12205,0.77717745
12206,0.7814094
12207,0.77717745
12208,0.77717745
12209,0.77717745
12210,0.7814094
12211,0.77717745
12212,0.77717745
12213,0.77717745
12214,0.77717745
12215,0.77717745
12216,0.790131
12217,0.77717745
12218,0.77717745
12219,0.77717745
12220,0.77717745
12221,0.77717745
12222,0.77717745
12223,0.7814094
12224,0.77717745
12225,0.77717745
12226,0.77717745
12227,0.77717745
12228,0.77717745
12229,0.77717745
12230,0.77717745
12231,0.77717745
12232,0.77717745
12233,0.77717745
12234,0.7814094
12235,0.77717745
12236,0.77717745
12237,0.77717745
12238,0.77717745
12239,0.77717745
12240,0.77717745
12241,0.7908043
12242,0.77717745
12243,0.7814094
12244,0.77717745
12245,0.77717745
12246,0.77717745
12247,0.77717745
12248,0.77717745
12249,0.77717745
12250,0.77717745
12251,0.77717745
12252,0.7814094
12253,0.77717745
12254,0.77717745
12255,0.77717745
12256,0.77717745
12257,0.77717745
12258,0.77717745
12259,0.77717745
12260,0.77717745
12261,0.77717745
12262,0.77717745
12263,0.77717745
12264,0.77717745
12265,0.77717745
12266,0.77717745
12267,0.77717745
12268,0.77717745
12269,0.77717745
12270,0.7814094
12271,0.77717745
12272,0.77717745
12273,0.77717745
12274,0.77717745
12275,0.77717745
12276,0.77717745
12277,0.77717745
12278,0.77717745
12279,0.77717745
12280,0.77717745
12281,0.77717745
12282,0.7814094
12283,0.77717745
12284,0.77717745
12285,0.77717745
12286,0.77717745
12287,0.77717745
12288,0.77717745
12289,0.7814094
12290,0.77717745
12291,0.77717745
12292,0.77717745
12293,0.77717745
12294,0.77717745
12295,0.77717745
12296,0.77717745
12297,0.77717745
12298,0.77717745
12299,0.77717745
12300,0.77717745
12301,0.77717745
12302,0.77717745
12303,0.77717745
12304,0.7814094
12305,0.77717745
12306,0.77717745
12307,0.77717745
12308,0.77717745
12309,0.77717745
12310,0.77717745
12311,0.7814094
12312,0.77717745
12313,0.77717745
12314,0.77717745
12315,0.77717745
12316,0.77717745
12317,0.77717745
12318,0.77717745
12319,0.77717745
12320,0.77717745
12321,0.77717745
12322,0.77717745
12323,0.7814094
12324,0.77717745
12325,0.77717745
12326,0.77717745
12327,0.77717745
12328,0.77717745
12329,0.77717745
12330,0.7814094
12331,0.77717745
12332,0.77717745
12333,0.77717745
12334,0.77717745
12335,0.77717745
12336,0.7814094
12337,0.77717745
12338,0.77717745
12339,0.77717745
12340,0.77717745
12341,0.77717745
12342,0.77717745
12343,0.77717745
12344,0.77717745
12345,0.77717745
12346,0.77717745
12347,0.77717745
12348,0.77717745
12349,0.7814094
12350,0.787234
12351,0.77717745
12352,0.77717745
12353,0.77717745
12354,0.77717745
12355,0.7908043
12356,0.77717745
12357,0.77717745
12358,0.77717745
12359,0.77717745
12360,0.77717745
12361,0.77717745
12362,0.77717745
12363,0.77717745
12364,0.7814094
12365,0.77717745
12366,0.77717745
12367,0.77717745
12368,0.77717745
12369,0.7814094
12370,0.7814094
12371,0.77717745
12372,0.77717745
12373,0.77717745
12374,0.77717745
12375,0.7814094
12376,0.77717745
12377,0.77717745
12378,0.77717745
12379,0.77717745
12380,0.77717745
12381,0.77717745
12382,0.77717745
12383,0.77717745
12384,0.77717745
12385,0.77717745
12386,0.77717745
12387,0.77717745
12388,0.77717745
12389,0.77717745
12390,0.77717745
12391,0.77717745
12392,0.77717745
12393,0.77717745
12394,0.77717745
12395,0.7814094
12396,0.77717745
12397,0.77717745
12398,0.77717745
12399,0.77717745
12400,0.7814094
12401,0.77717745
12402,0.77717745
12403,0.77717745
12404,0.77717745
12405,0.77717745
12406,0.77717745
12407,0.77717745
12408,0.7814094
12409,0.77717745
12410,0.77717745
12411,0.77717745
12412,0.77717745
12413,0.77717745
12414,0.77717745
12415,0.77717745
12416,0.7903534
12417,0.77717745
12418,0.77717745
12419,0.77717745
12420,0.77717745
12421,0.77717745
12422,0.77717745
12423,0.77717745
12424,0.77717745
12425,0.77717745
12426,0.77717745
12427,0.7814094
12428,0.77717745
12429,0.77717745
12430,0.77717745
12431,0.77717745
12432,0.77717745
12433,0.77717745
12434,0.77717745
12435,0.77717745
12436,0.77717745
12437,0.77717745
12438,0.77717745
12439,0.77717745
12440,0.77717745
12441,0.77717745
12442,0.77717745
12443,0.77717745
12444,0.77717745
12445,0.77717745
12446,0.77717745
12447,0.77717745
12448,0.77717745
12449,0.7814094
12450,0.77717745
12451,0.77717745
12452,0.77717745
12453,0.7814094
12454,0.77717745
12455,0.77717745
12456,0.77717745
12457,0.77717745
12458,0.77717745
12459,0.77717745
12460,0.7814094
12461,0.77717745
12462,0.77717745
12463,0.77717745
12464,0.77717745
12465,0.77717745
12466,0.7814094
12467,0.77717745
12468,0.77717745
12469,0.77717745
12470,0.77717745
12471,0.7814094
12472,0.77717745
12473,0.77717745
12474,0.77717745
12475,0.7814094
12476,0.77717745
12477,0.77717745
12478,0.77717745
12479,0.77717745
12480,0.77717745
12481,0.77717745
12482,0.77717745
12483,0.77717745
12484,0.77717745
12485,0.7814094
12486,0.77717745
12487,0.77717745
12488,0.77717745
12489,0.77717745
12490,0.77717745
12491,0.77717745
12492,0.77717745
12493,0.77717745
12494,0.77717745
12495,0.77717745
12496,0.7814094
12497,0.77717745
12498,0.77717745
12499,0.7908043
12500,0.77717745
12501,0.77717745
12502,0.77717745
12503,0.77717745
12504,0.77717745
12505,0.77717745
12506,0.77717745
12507,0.77717745
12508,0.7814094
12509,0.77717745
12510,0.77717745
12511,0.77717745
12512,0.77717745
12513,0.77717745
12514,0.77717745
12515,0.77717745
12516,0.77717745
12517,0.77717745
12518,0.77717745
12519,0.77717745
12520,0.77717745
12521,0.77717745
12522,0.7814094
12523,0.77717745
12524,0.77717745
12525,0.77717745
12526,0.77717745
12527,0.7814094
12528,0.77717745
12529,0.77717745
12530,0.77717745
12531,0.77717745
12532,0.7814094
12533,0.77717745
12534,0.77717745
12535,0.77717745
12536,0.77717745
12537,0.77717745
12538,0.77717745
12539,0.77717745
12540,0.77717745
12541,0.77717745
12542,0.77717745
12543,0.77717745
12544,0.77717745
12545,0.77717745
12546,0.77717745
12547,0.7814094
12548,0.77717745
12549,0.77717745
12550,0.77717745
12551,0.77717745
12552,0.7814094
12553,0.77717745
12554,0.77717745
12555,0.77717745
12556,0.77717745
12557,0.77717745
12558,0.77717745
12559,0.79140604
12560,0.77717745
12561,0.7814094
12562,0.77717745
12563,0.7814094
12564,0.7814094
12565,0.77717745
12566,0.7814094
12567,0.77717745
12568,0.77717745
12569,0.77717745
12570,0.77717745
12571,0.77717745
12572,0.77717745
12573,0.77717745
12574,0.77717745
12575,0.77717745
12576,0.77717745
12577,0.77717745
12578,0.77717745
12579,0.7814094
12580,0.77717745
12581,0.77717745
12582,0.77717745
12583,0.77717745
12584,0.77717745
12585,0.77717745
12586,0.77717745
12587,0.7814094
12588,0.7814094
12589,0.77717745
12590,0.77717745
12591,0.77717745
12592,0.77717745
12593,0.77717745
12594,0.77717745
12595,0.77717745
12596,0.77717745
12597,0.77717745
12598,0.77717745
12599,0.77717745
12600,0.77717745
12601,0.77717745
12602,0.7814094
12603,0.77717745
12604,0.77717745
12605,0.77717745
12606,0.77717745
12607,0.77717745
12608,0.77717745
12609,0.77717745
12610,0.7814094
12611,0.77717745
12612,0.77717745
12613,0.77717745
12614,0.77717745
12615,0.77717745
12616,0.77717745
12617,0.77717745
12618,0.7814094
12619,0.7814094
12620,0.77717745
12621,0.77717745
12622,0.77717745
12623,0.77717745
12624,0.77717745
12625,0.77717745
12626,0.77717745
12627,0.77717745
12628,0.77717745
12629,0.77717745
12630,0.7814094
12631,0.77717745
12632,0.77717745
12633,0.77717745
12634,0.77717745
12635,0.77717745
12636,0.77717745
12637,0.7814094
12638,0.787234
12639,0.77717745
12640,0.77717745
12641,0.77717745
12642,0.77717745
12643,0.77717745
12644,0.77717745
12645,0.7814094
12646,0.77717745
12647,0.77717745
12648,0.77717745
12649,0.77717745
12650,0.77717745
12651,0.77717745
12652,0.77717745
12653,0.77717745
12654,0.77717745
12655,0.77717745
12656,0.77717745
12657,0.77717745
12658,0.77717745
12659,0.77717745
12660,0.77717745
12661,0.77717745
12662,0.77717745
12663,0.77717745
12664,0.77717745
12665,0.77717745
12666,0.77717745
12667,0.77717745
12668,0.77717745
12669,0.77717745
12670,0.77717745
12671,0.77717745
12672,0.7814094
12673,0.77717745
12674,0.77717745
12675,0.77717745
12676,0.77717745
12677,0.7814094
12678,0.77717745
12679,0.77717745
12680,0.77717745
12681,0.77717745
12682,0.77717745
12683,0.77717745
12684,0.77717745
12685,0.77717745
12686,0.77717745
12687,0.77717745
12688,0.7814094
12689,0.77717745
12690,0.7814094
12691,0.77717745
12692,0.77717745
12693,0.77717745
12694,0.77717745
12695,0.77717745
12696,0.77717745
12697,0.77717745
12698,0.77717745
12699,0.77717745
12700,0.77717745
12701,0.77717745
12702,0.77717745
12703,0.77717745
12704,0.77717745
12705,0.77717745
12706,0.77717745
12707,0.7814094
12708,0.77717745
12709,0.77717745
12710,0.77717745
12711,0.77717745
12712,0.77717745
12713,0.77717745
12714,0.77717745
12715,0.77717745
12716,0.77717745
12717,0.77717745
12718,0.77717745
12719,0.77717745
12720,0.77717745
12721,0.77717745
12722,0.77717745
12723,0.77717745
12724,0.77717745
12725,0.77717745
12726,0.77717745
12727,0.7814094
12728,0.77717745
12729,0.77717745
12730,0.77717745
12731,0.77717745
12732,0.77717745
12733,0.77717745
12734,0.77717745
12735,0.77717745
12736,0.77717745
12737,0.77717745
12738,0.77717745
12739,0.77717745
12740,0.7814094
12741,0.77717745
12742,0.77717745
12743,0.7814094
12744,0.77717745
12745,0.77717745
12746,0.77717745
12747,0.77717745
12748,0.77717745
12749,0.77717745
12750,0.77717745
12751,0.77717745
12752,0.7814094
12753,0.77717745
12754,0.77717745
12755,0.77717745
12756,0.77717745
12757,0.7814094
12758,0.77717745
12759,0.77717745
12760,0.77717745
12761,0.77717745
12762,0.77717745
12763,0.7814094
12764,0.77717745
12765,0.77717745
12766,0.77717745
12767,0.77717745
12768,0.77717745
12769,0.77717745
12770,0.77717745
12771,0.77717745
12772,0.77717745
12773,0.77717745
12774,0.7814094
12775,0.77717745
12776,0.77717745
12777,0.77717745
12778,0.77717745
12779,0.77717745
12780,0.7814094
12781,0.77717745
12782,0.77717745
12783,0.7814094
12784,0.77717745
12785,0.77717745
12786,0.77717745
12787,0.77717745
12788,0.77717745
12789,0.77717745
12790,0.77717745
12791,0.77717745
12792,0.77717745
12793,0.77717745
12794,0.77717745
12795,0.77717745
12796,0.7814094
12797,0.790131
12798,0.77717745
12799,0.77717745
12800,0.77717745
12801,0.77717745
12802,0.7814094
12803,0.77717745
12804,0.7814094
12805,0.77717745
12806,0.77717745
12807,0.77717745
12808,0.7814094
12809,0.77717745
12810,0.7814094
12811,0.77717745
12812,0.77717745
12813,0.77717745
12814,0.77717745
12815,0.77717745
12816,0.77717745
12817,0.77717745
12818,0.77717745
12819,0.77717745
12820,0.77717745
12821,0.77717745
12822,0.77717745
12823,0.77717745
12824,0.77717745
12825,0.77717745
12826,0.77717745
12827,0.77717745
12828,0.790131
12829,0.77717745
12830,0.77717745
12831,0.77717745
12832,0.77717745
12833,0.77717745
12834,0.77717745
12835,0.77717745
12836,0.77717745
12837,0.77717745
12838,0.7814094
12839,0.77717745
12840,0.77717745
12841,0.77717745
12842,0.77717745
12843,0.77717745
12844,0.77717745
12845,0.77717745
12846,0.77717745
12847,0.77717745
12848,0.77717745
12849,0.77717745
12850,0.77717745
12851,0.77717745
12852,0.7814094
12853,0.7814094
12854,0.77717745
12855,0.77717745
12856,0.7814094
12857,0.77717745
12858,0.77717745
12859,0.77717745
12860,0.77717745
12861,0.77717745
12862,0.77717745
12863,0.77717745
12864,0.77717745
12865,0.77717745
12866,0.77717745
12867,0.77717745
12868,0.77717745
12869,0.77717745
12870,0.77717745
12871,0.77717745
12872,0.77717745
12873,0.77717745
12874,0.77717745
12875,0.77717745
12876,0.77717745
12877,0.7814094
12878,0.77717745
12879,0.77717745
12880,0.77717745
12881,0.77717745
12882,0.77717745
12883,0.77717745
12884,0.77717745
12885,0.77717745
12886,0.77717745
12887,0.77717745
12888,0.77717745
12889,0.77717745
12890,0.77717745
12891,0.77717745
12892,0.77717745
12893,0.77717745
12894,0.77717745
12895,0.77717745
12896,0.77717745
12897,0.77717745
12898,0.77717745
12899,0.77717745
12900,0.77717745
12901,0.77717745
12902,0.77717745
12903,0.77717745
12904,0.77717745
12905,0.77717745
12906,0.77717745
12907,0.7908043
12908,0.77717745
12909,0.77717745
12910,0.7814094
12911,0.77717745
12912,0.77717745
12913,0.77717745
12914,0.77717745
12915,0.77717745
12916,0.77717745
12917,0.77717745
12918,0.77717745
12919,0.77717745
12920,0.77717745
12921,0.77717745
12922,0.77717745
12923,0.77717745
12924,0.77717745
12925,0.77717745
12926,0.77717745
12927,0.77717745
12928,0.77717745
12929,0.7814094
12930,0.77717745
12931,0.77717745
12932,0.77717745
12933,0.77717745
12934,0.77717745
12935,0.77717745
12936,0.77717745
12937,0.77717745
12938,0.77717745
12939,0.7814094
12940,0.7814094
12941,0.77717745
12942,0.77717745
12943,0.7814094
12944,0.77717745
12945,0.7814094
12946,0.77717745
12947,0.77717745
12948,0.77717745
12949,0.77717745
12950,0.77717745
12951,0.77717745
12952,0.77717745
12953,0.77717745
12954,0.77717745
12955,0.77717745
12956,0.77717745
12957,0.77717745
12958,0.77717745
12959,0.77717745
12960,0.77717745
12961,0.77717745
12962,0.77717745
12963,0.77717745
12964,0.77717745
12965,0.77717745
12966,0.77717745
12967,0.77717745
12968,0.77717745
12969,0.77717745
12970,0.77717745
12971,0.77717745
12972,0.7814094
12973,0.77717745
12974,0.7814094
12975,0.77717745
12976,0.77717745
12977,0.77717745
12978,0.77717745
12979,0.77717745
12980,0.77717745
12981,0.77717745
12982,0.77717745
12983,0.7814094
12984,0.77717745
12985,0.77717745
12986,0.77717745
12987,0.77717745
12988,0.7814094
12989,0.77717745
12990,0.77717745
12991,0.77717745
12992,0.77717745
12993,0.77717745
12994,0.77717745
12995,0.77717745
12996,0.77717745
12997,0.77717745
12998,0.7814094
12999,0.77717745
13000,0.77717745
13001,0.77717745
13002,0.77717745
13003,0.7814094
13004,0.7814094
13005,0.77717745
13006,0.77717745
13007,0.77717745
13008,0.77717745
13009,0.7814094
13010,0.77717745
13011,0.77717745
13012,0.77717745
13013,0.77717745
13014,0.77717745
13015,0.77717745
13016,0.77717745
13017,0.77717745
13018,0.77717745
13019,0.77717745
13020,0.77717745
13021,0.77717745
13022,0.77717745
13023,0.77717745
13024,0.77717745
13025,0.77717745
13026,0.77717745
13027,0.77717745
13028,0.77717745
13029,0.7814094
13030,0.77717745
13031,0.77717745
13032,0.77717745
13033,0.7814094
13034,0.77717745
13035,0.77717745
13036,0.77717745
13037,0.77717745
13038,0.77717745
13039,0.77717745
13040,0.77717745
13041,0.77717745
13042,0.77717745
13043,0.77717745
13044,0.77717745
13045,0.77717745
13046,0.77717745
13047,0.77717745
13048,0.77717745
13049,0.77717745
13050,0.77717745
13051,0.77717745
13052,0.77717745
13053,0.77717745
13054,0.77717745
13055,0.7814094
13056,0.7814094
13057,0.77717745
13058,0.77717745
13059,0.77717745
13060,0.77717745
13061,0.77717745
13062,0.77717745
13063,0.77717745
13064,0.7814094
13065,0.7814094
13066,0.77717745
13067,0.77717745
13068,0.77717745
13069,0.77717745
13070,0.77717745
13071,0.77717745
13072,0.77717745
13073,0.77717745
13074,0.77717745
13075,0.77717745
13076,0.77717745
13077,0.77717745
13078,0.77717745
13079,0.77717745
13080,0.7814094
13081,0.77717745
13082,0.77717745
13083,0.77717745
13084,0.77717745
13085,0.77717745
13086,0.77717745
13087,0.77717745
13088,0.77717745
13089,0.77717745
13090,0.77717745
13091,0.77717745
13092,0.77717745
13093,0.77717745
13094,0.7814094
13095,0.77717745
13096,0.77717745
13097,0.77717745
13098,0.77717745
13099,0.77717745
13100,0.77717745
13101,0.77717745
13102,0.77717745
13103,0.77717745
13104,0.7814094
13105,0.77717745
13106,0.77717745
13107,0.77717745
13108,0.7814094
13109,0.77717745
13110,0.77717745
13111,0.77717745
13112,0.77717745
13113,0.7903534
13114,0.77717745
13115,0.77717745
13116,0.77717745
13117,0.77717745
13118,0.7814094
13119,0.77717745
13120,0.77717745
13121,0.77717745
13122,0.77717745
13123,0.77717745
13124,0.77717745
13125,0.77717745
13126,0.77717745
13127,0.77717745
13128,0.77717745
13129,0.77717745
13130,0.77717745
13131,0.77717745
13132,0.77717745
13133,0.7814094
13134,0.77717745
13135,0.77717745
13136,0.77717745
13137,0.77717745
13138,0.77717745
13139,0.77717745
13140,0.77717745
13141,0.77717745
13142,0.77717745
13143,0.77717745
13144,0.79140604
13145,0.77717745
13146,0.7814094
13147,0.77717745
13148,0.77717745
13149,0.77717745
13150,0.77717745
13151,0.77717745
13152,0.7814094
13153,0.77717745
13154,0.77717745
13155,0.77717745
13156,0.77717745
13157,0.77717745
13158,0.77717745
13159,0.7814094
13160,0.77717745
13161,0.77717745
13162,0.7814094
13163,0.77717745
13164,0.77717745
13165,0.77717745
13166,0.77717745
13167,0.7814094
13168,0.77717745
13169,0.77717745
13170,0.7814094
13171,0.77717745
13172,0.77717745
13173,0.7814094
13174,0.77717745
13175,0.77717745
13176,0.77717745
13177,0.77717745
13178,0.77717745
13179,0.77717745
13180,0.77717745
13181,0.77717745
13182,0.77717745
13183,0.77717745
13184,0.77717745
13185,0.77717745
13186,0.77717745
13187,0.77717745
13188,0.77717745
13189,0.77717745
13190,0.77717745
13191,0.787234
13192,0.77717745
13193,0.77717745
13194,0.77717745
13195,0.7814094
13196,0.77717745
13197,0.77717745
13198,0.77717745
13199,0.77717745
13200,0.77717745
13201,0.77717745
13202,0.77717745
13203,0.77717745
13204,0.77717745
13205,0.77717745
13206,0.77717745
13207,0.77717745
13208,0.77717745
13209,0.7814094
13210,0.77717745
13211,0.77717745
13212,0.77717745
13213,0.77717745
13214,0.77717745
13215,0.77717745
13216,0.77717745
13217,0.77717745
13218,0.77717745
13219,0.77717745
13220,0.77717745
13221,0.77717745
13222,0.77717745
13223,0.77717745
13224,0.7814094
13225,0.77717745
13226,0.77717745
13227,0.7814094
13228,0.7814094
13229,0.7814094
13230,0.77717745
13231,0.77717745
13232,0.77717745
13233,0.77717745
13234,0.77717745
13235,0.77717745
13236,0.77717745
13237,0.77717745
13238,0.77717745
13239,0.7908043
13240,0.77717745
13241,0.77717745
13242,0.77717745
13243,0.77717745
13244,0.77717745
13245,0.77717745
13246,0.77717745
13247,0.7814094
13248,0.77717745
13249,0.77717745
13250,0.77717745
13251,0.77717745
13252,0.77717745
13253,0.7814094
13254,0.77717745
13255,0.77717745
13256,0.77717745
13257,0.77717745
13258,0.77717745
13259,0.77717745
13260,0.77717745
13261,0.77717745
13262,0.77717745
13263,0.7814094
13264,0.77717745
13265,0.77717745
13266,0.77717745
13267,0.77717745
13268,0.7814094
13269,0.77717745
13270,0.77717745
13271,0.77717745
13272,0.77717745
13273,0.77717745
13274,0.77717745
13275,0.7814094
13276,0.7814094
13277,0.77717745
13278,0.77717745
13279,0.77717745
13280,0.77717745
13281,0.77717745
13282,0.7814094
13283,0.77717745
13284,0.77717745
13285,0.77717745
13286,0.77717745
13287,0.77717745
13288,0.77717745
13289,0.77717745
13290,0.7814094
13291,0.77717745
13292,0.77717745
13293,0.77717745
13294,0.77717745
13295,0.77717745
13296,0.77717745
13297,0.7814094
13298,0.77717745
13299,0.77717745
13300,0.77717745
13301,0.77717745
13302,0.7814094
13303,0.77717745
13304,0.77717745
13305,0.77717745
13306,0.77717745
13307,0.77717745
13308,0.77717745
13309,0.77717745
13310,0.77717745
13311,0.77717745
13312,0.77717745
13313,0.77717745
13314,0.77717745
13315,0.77717745
13316,0.77717745
13317,0.77717745
13318,0.77717745
13319,0.77717745
13320,0.77717745
13321,0.77717745
13322,0.77717745
13323,0.77717745
13324,0.77717745
13325,0.77717745
13326,0.77717745
13327,0.77717745
13328,0.77717745
13329,0.77717745
13330,0.77717745
13331,0.77717745
13332,0.77717745
13333,0.77717745
13334,0.77717745
13335,0.77717745
13336,0.7814094
13337,0.77717745
13338,0.77717745
13339,0.77717745
13340,0.77717745
13341,0.77717745
13342,0.77717745
13343,0.7814094
13344,0.77717745
13345,0.77717745
13346,0.77717745
13347,0.77717745
13348,0.77717745
13349,0.77717745
13350,0.77717745
13351,0.77717745
13352,0.7814094
13353,0.77717745
13354,0.77717745
13355,0.77717745
13356,0.7814094
13357,0.77717745
13358,0.77717745
13359,0.77717745
13360,0.7814094
13361,0.77717745
13362,0.77717745
13363,0.77717745
13364,0.77717745
13365,0.77717745
13366,0.77717745
13367,0.77717745
13368,0.77717745
13369,0.77717745
13370,0.77717745
13371,0.77717745
13372,0.77717745
13373,0.77717745
13374,0.77717745
13375,0.77717745
13376,0.77717745
13377,0.77717745
13378,0.77717745
13379,0.77717745
13380,0.77717745
13381,0.77717745
13382,0.77717745
13383,0.77717745
13384,0.7814094
13385,0.77717745
13386,0.77717745
13387,0.77717745
13388,0.77717745
13389,0.77717745
13390,0.77717745
13391,0.77717745
13392,0.77717745
13393,0.77717745
13394,0.77717745
13395,0.77717745
13396,0.77717745
13397,0.77717745
13398,0.77717745
13399,0.77717745
13400,0.77717745
13401,0.77717745
13402,0.77717745
13403,0.77717745
13404,0.77717745
13405,0.77717745
13406,0.77717745
13407,0.77717745
13408,0.77717745
13409,0.77717745
13410,0.77717745
13411,0.77717745
13412,0.77717745
13413,0.77717745
13414,0.77717745
13415,0.77717745
13416,0.77717745
13417,0.77717745
13418,0.7814094
13419,0.77717745
13420,0.77717745
13421,0.77717745
13422,0.77717745
13423,0.77717745
13424,0.77717745
13425,0.77717745
13426,0.77717745
13427,0.77717745
13428,0.77717745
13429,0.77717745
13430,0.7814094
13431,0.77717745
13432,0.7814094
13433,0.77717745
13434,0.77717745
13435,0.77717745
13436,0.77717745
13437,0.77717745
13438,0.77717745
13439,0.77717745
13440,0.77717745
13441,0.77717745
13442,0.77717745
13443,0.77717745
13444,0.77717745
13445,0.77717745
13446,0.7814094
13447,0.77717745
13448,0.77717745
13449,0.7814094
13450,0.77717745
13451,0.77717745
13452,0.77717745
13453,0.7814094
13454,0.77717745
13455,0.7814094
13456,0.77717745
13457,0.7908043
13458,0.7814094
13459,0.77717745
13460,0.77717745
13461,0.77717745
13462,0.77717745
13463,0.77717745
13464,0.7814094
13465,0.77717745
13466,0.77717745
13467,0.77717745
13468,0.7814094
13469,0.77717745
13470,0.77717745
13471,0.77717745
13472,0.77717745
13473,0.77717745
13474,0.77717745
13475,0.77717745
13476,0.77717745
13477,0.77717745
13478,0.77717745
13479,0.77717745
13480,0.77717745
13481,0.77717745
13482,0.77717745
13483,0.77717745
13484,0.77717745
13485,0.77717745
13486,0.77717745
13487,0.77717745
13488,0.77717745
13489,0.77717745
13490,0.77717745
13491,0.77717745
13492,0.77717745
13493,0.77717745
13494,0.7814094
13495,0.77717745
13496,0.77717745
13497,0.77717745
13498,0.77717745
13499,0.77717745
13500,0.77717745
13501,0.77717745
13502,0.77717745
13503,0.77717745
13504,0.7908043
13505,0.77717745
13506,0.77717745
13507,0.77717745
13508,0.77717745
13509,0.77717745
13510,0.77717745
13511,0.77717745
13512,0.77717745
13513,0.77717745
13514,0.77717745
13515,0.77717745
13516,0.77717745
13517,0.77717745
13518,0.77717745
13519,0.77717745
13520,0.77717745
13521,0.77717745
13522,0.77717745
13523,0.77717745
13524,0.77717745
13525,0.77717745
13526,0.77717745
13527,0.77717745
13528,0.7814094
13529,0.77717745
13530,0.77717745
13531,0.7814094
13532,0.77717745
13533,0.77717745
13534,0.77717745
13535,0.7814094
13536,0.77717745
13537,0.77717745
13538,0.77717745
13539,0.77717745
13540,0.77717745
13541,0.77717745
13542,0.77717745
13543,0.77717745
13544,0.77717745
13545,0.77717745
13546,0.77717745
13547,0.77717745
13548,0.77717745
13549,0.77717745
13550,0.77717745
13551,0.77717745
13552,0.77717745
13553,0.77717745
13554,0.77717745
13555,0.77717745
13556,0.77717745
13557,0.77717745
13558,0.77717745
13559,0.77717745
13560,0.77717745
13561,0.77717745
13562,0.77717745
13563,0.7814094
13564,0.77717745
13565,0.77717745
13566,0.77717745
13567,0.787234
13568,0.77717745
13569,0.77717745
13570,0.77717745
13571,0.7814094
13572,0.77717745
13573,0.77717745
13574,0.77717745
13575,0.77717745
13576,0.77717745
13577,0.77717745
13578,0.7908043
13579,0.77717745
13580,0.7814094
13581,0.77717745
13582,0.77717745
13583,0.77717745
13584,0.77717745
13585,0.7908043
13586,0.77717745
13587,0.77717745
13588,0.77717745
13589,0.77717745
13590,0.77717745
13591,0.77717745
13592,0.77717745
13593,0.7814094
13594,0.77717745
13595,0.77717745
13596,0.77717745
13597,0.77717745
13598,0.77717745
13599,0.77717745
13600,0.77717745
13601,0.77717745
13602,0.77717745
13603,0.77717745
13604,0.77717745
13605,0.77717745
13606,0.77717745
13607,0.77717745
13608,0.77717745
13609,0.77717745
13610,0.77717745
13611,0.77717745
13612,0.77717745
13613,0.77717745
13614,0.77717745
13615,0.77717745
13616,0.7814094
13617,0.77717745
13618,0.77717745
13619,0.7814094
13620,0.77717745
13621,0.77717745
13622,0.77717745
13623,0.77717745
13624,0.77717745
13625,0.77717745
13626,0.77717745
13627,0.77717745
13628,0.7814094
13629,0.77717745
13630,0.77717745
13631,0.77717745
13632,0.77717745
13633,0.77717745
13634,0.77717745
13635,0.77717745
13636,0.77717745
13637,0.77717745
13638,0.77717745
13639,0.77717745
13640,0.77717745
13641,0.77717745
13642,0.77717745
13643,0.77717745
13644,0.77717745
13645,0.77717745
13646,0.77717745
13647,0.77717745
13648,0.77717745
13649,0.7814094
13650,0.77717745
13651,0.77717745
13652,0.77717745
13653,0.77717745
13654,0.77717745
13655,0.77717745
13656,0.7814094
13657,0.77717745
13658,0.77717745
13659,0.77717745
13660,0.77717745
13661,0.77717745
13662,0.77717745
13663,0.77717745
13664,0.77717745
13665,0.77717745
13666,0.77717745
13667,0.77717745
13668,0.77717745
13669,0.77717745
13670,0.77717745
13671,0.77717745
13672,0.77717745
13673,0.7814094
13674,0.77717745
13675,0.77717745
13676,0.77717745
13677,0.77717745
13678,0.7814094
13679,0.77717745
13680,0.77717745
13681,0.77717745
13682,0.77717745
13683,0.77717745
13684,0.77717745
13685,0.7814094
13686,0.77717745
13687,0.77717745
13688,0.7908043
13689,0.77717745
13690,0.77717745
13691,0.77717745
13692,0.77717745
13693,0.77717745
13694,0.77717745
13695,0.77717745
13696,0.77717745
13697,0.77717745
13698,0.77717745
13699,0.77717745
13700,0.77717745
13701,0.77717745
13702,0.77717745
13703,0.77717745
13704,0.7814094
13705,0.77717745
13706,0.77717745
13707,0.77717745
13708,0.77717745
13709,0.77717745
13710,0.77717745
13711,0.77717745
13712,0.77717745
13713,0.77717745
13714,0.77717745
13715,0.77717745
13716,0.7814094
13717,0.77717745
13718,0.77717745
13719,0.77717745
13720,0.7814094
13721,0.77717745
13722,0.77717745
13723,0.77717745
13724,0.7814094
13725,0.77717745
13726,0.77717745
13727,0.77717745
13728,0.77717745
13729,0.77717745
13730,0.77717745
13731,0.77717745
13732,0.77717745
13733,0.77717745
13734,0.77717745
13735,0.77717745
13736,0.77722675
13737,0.77717745
13738,0.77717745
13739,0.77717745
13740,0.77717745
13741,0.7814094
13742,0.77717745
13743,0.77717745
13744,0.77717745
13745,0.77717745
13746,0.77717745
13747,0.77717745
13748,0.77717745
13749,0.77717745
13750,0.77717745
13751,0.77717745
13752,0.77717745
13753,0.77717745
13754,0.77717745
13755,0.7814094
13756,0.7814094
13757,0.77717745
13758,0.77717745
13759,0.77717745
13760,0.77717745
13761,0.77717745
13762,0.77717745
13763,0.77717745
13764,0.77717745
13765,0.77717745
13766,0.77717745
13767,0.7814094
13768,0.77717745
13769,0.7814094
13770,0.77717745
13771,0.77717745
13772,0.77717745
13773,0.7814094
13774,0.77717745
13775,0.77717745
13776,0.77717745
13777,0.77717745
13778,0.77717745
13779,0.77717745
13780,0.77717745
13781,0.7814094
13782,0.77717745
13783,0.7814094
13784,0.77717745
13785,0.77717745
13786,0.77717745
13787,0.77717745
13788,0.7814094
13789,0.790131
13790,0.77717745
13791,0.77717745
13792,0.77717745
13793,0.77717745
13794,0.77717745
13795,0.77717745
13796,0.77717745
13797,0.77717745
13798,0.77717745
13799,0.77717745
13800,0.77717745
13801,0.7814094
13802,0.77717745
13803,0.77717745
13804,0.7814094
13805,0.77717745
13806,0.77717745
13807,0.77717745
13808,0.77717745
13809,0.77717745
13810,0.77717745
13811,0.77717745
13812,0.77717745
13813,0.7814094
13814,0.77717745
13815,0.77717745
13816,0.77717745
13817,0.77717745
13818,0.77717745
13819,0.77717745
13820,0.77717745
13821,0.7814094
13822,0.7814094
13823,0.77717745
13824,0.77717745
13825,0.77717745
13826,0.77717745
13827,0.77717745
13828,0.77717745
13829,0.77717745
13830,0.7814094
13831,0.77717745
13832,0.77717745
13833,0.77717745
13834,0.77717745
13835,0.77717745
13836,0.77717745
13837,0.77717745
13838,0.77717745
13839,0.77717745
13840,0.77717745
13841,0.77717745
13842,0.77717745
13843,0.77717745
13844,0.77717745
13845,0.77717745
13846,0.77717745
13847,0.77717745
13848,0.77717745
13849,0.7814094
13850,0.77717745
13851,0.77717745
13852,0.77717745
13853,0.77717745
13854,0.77717745
13855,0.77717745
13856,0.77717745
13857,0.77717745
13858,0.77717745
13859,0.77717745
13860,0.77717745
13861,0.77717745
13862,0.77717745
13863,0.77717745
13864,0.77717745
13865,0.77717745
13866,0.77717745
13867,0.77717745
13868,0.77717745
13869,0.77717745
13870,0.77717745
13871,0.77717745
13872,0.77717745
13873,0.77717745
13874,0.77717745
13875,0.77717745
13876,0.77717745
13877,0.77717745
13878,0.77717745
13879,0.7814094
13880,0.77717745
13881,0.790131
13882,0.77717745
13883,0.7814094
13884,0.7814094
13885,0.77717745
13886,0.77717745
13887,0.77717745
13888,0.77717745
13889,0.77717745
13890,0.77717745
13891,0.77717745
13892,0.77717745
13893,0.77717745
13894,0.77717745
13895,0.77717745
13896,0.77717745
13897,0.77717745
13898,0.77717745
13899,0.77717745
13900,0.77717745
13901,0.77717745
13902,0.77717745
13903,0.77717745
13904,0.77717745
13905,0.77717745
13906,0.77717745
13907,0.77717745
13908,0.77717745
13909,0.77717745
13910,0.77717745
13911,0.77717745
13912,0.77717745
13913,0.77717745
13914,0.77717745
13915,0.77717745
13916,0.77717745
13917,0.7814094
13918,0.77717745
13919,0.77717745
13920,0.77717745
13921,0.77717745
13922,0.77717745
13923,0.77717745
13924,0.7814094
13925,0.77717745
13926,0.77717745
13927,0.7814094
13928,0.77717745
13929,0.77717745
13930,0.77717745
13931,0.7814094
13932,0.77717745
13933,0.77717745
13934,0.77717745
13935,0.77717745
13936,0.77717745
13937,0.77717745
13938,0.77717745
13939,0.7814094
13940,0.77717745
13941,0.7814094
13942,0.7814094
13943,0.77717745
13944,0.77717745
13945,0.7814094
13946,0.77717745
13947,0.77717745
13948,0.77717745
13949,0.77717745
13950,0.77717745
13951,0.77717745
13952,0.77717745
13953,0.77717745
13954,0.77717745
13955,0.77717745
13956,0.77717745
13957,0.77717745
13958,0.77717745
13959,0.77717745
13960,0.7814094
13961,0.77717745
13962,0.7814094
13963,0.77717745
13964,0.77717745
13965,0.77717745
13966,0.77717745
13967,0.77717745
13968,0.77717745
13969,0.77717745
13970,0.77717745
13971,0.77717745
13972,0.77717745
13973,0.77717745
13974,0.77717745
13975,0.77717745
13976,0.77717745
13977,0.77717745
13978,0.77717745
13979,0.77717745
13980,0.77717745
13981,0.77717745
13982,0.77717745
13983,0.77717745
13984,0.77717745
13985,0.77717745
13986,0.77717745
13987,0.77717745
13988,0.77717745
13989,0.77717745
13990,0.7814094
13991,0.7814094
13992,0.77717745
13993,0.77717745
13994,0.7908043
13995,0.77717745
13996,0.77717745
13997,0.77717745
13998,0.77717745
13999,0.77717745
14000,0.77717745
14001,0.77717745
14002,0.77717745
14003,0.7814094
14004,0.77717745
14005,0.77717745
14006,0.77717745
14007,0.77717745
14008,0.77717745
14009,0.77717745
14010,0.77717745
14011,0.77717745
14012,0.77717745
14013,0.77717745
14014,0.77717745
14015,0.77717745
14016,0.77717745
14017,0.77717745
14018,0.77717745
14019,0.77717745
14020,0.7814094
14021,0.77717745
14022,0.790163
14023,0.77717745
14024,0.77717745
14025,0.77717745
14026,0.77717745
14027,0.77717745
14028,0.7814094
14029,0.77717745
14030,0.77717745
14031,0.77717745
14032,0.77717745
14033,0.7814094
14034,0.77717745
14035,0.77717745
14036,0.77717745
14037,0.7903534
14038,0.7814094
14039,0.77717745
14040,0.77717745
14041,0.77717745
14042,0.7814094
14043,0.7908039
14044,0.77717745
14045,0.7814094
14046,0.77717745
14047,0.77717745
14048,0.7814094
14049,0.77717745
14050,0.77717745
14051,0.77717745
14052,0.77717745
14053,0.77717745
14054,0.77717745
14055,0.77717745
14056,0.7814094
14057,0.77717745
14058,0.7814094
14059,0.77717745
14060,0.77717745
14061,0.77717745
14062,0.77717745
14063,0.7814094
14064,0.77717745
14065,0.7814094
14066,0.77717745
14067,0.77717745
14068,0.77717745
14069,0.77717745
14070,0.77717745
14071,0.77717745
14072,0.77717745
14073,0.77717745
14074,0.77717745
14075,0.77717745
14076,0.77717745
14077,0.7814094
14078,0.77717745
14079,0.77717745
14080,0.77717745
14081,0.77717745
14082,0.77717745
14083,0.77717745
14084,0.77717745
14085,0.77717745
14086,0.77717745
14087,0.77717745
14088,0.77717745
14089,0.77717745
14090,0.7814094
14091,0.77717745
14092,0.77717745
14093,0.77717745
14094,0.77717745
14095,0.77717745
14096,0.77717745
14097,0.77717745
14098,0.77717745
14099,0.77717745
14100,0.77717745
14101,0.77717745
14102,0.77717745
14103,0.77717745
14104,0.77717745
14105,0.77717745
14106,0.77717745
14107,0.77717745
14108,0.77717745
14109,0.77717745
14110,0.77717745
14111,0.77717745
14112,0.7814094
14113,0.77717745
14114,0.77717745
14115,0.77717745
14116,0.77717745
14117,0.77717745
14118,0.77717745
14119,0.77717745
14120,0.77717745
14121,0.7814094
14122,0.77717745
14123,0.77717745
14124,0.77717745
14125,0.77717745
14126,0.77717745
14127,0.77717745
14128,0.77717745
14129,0.77717745
14130,0.7814094
14131,0.77717745
14132,0.77717745
14133,0.7814094
14134,0.77717745
14135,0.77717745
14136,0.77717745
14137,0.77717745
14138,0.77717745
14139,0.77717745
14140,0.77717745
14141,0.77717745
14142,0.77717745
14143,0.7814094
14144,0.77717745
14145,0.77717745
14146,0.77717745
14147,0.77717745
14148,0.77717745
14149,0.77717745
14150,0.77717745
14151,0.77717745
14152,0.77717745
14153,0.7814094
14154,0.77717745
14155,0.77717745
14156,0.77717745
14157,0.77717745
14158,0.77717745
14159,0.77717745
14160,0.77717745
14161,0.790131
14162,0.77717745
14163,0.77717745
14164,0.77717745
14165,0.77717745
14166,0.77717745
14167,0.7908043
14168,0.77717745
14169,0.77717745
14170,0.7814094
14171,0.77717745
14172,0.7814094
14173,0.77717745
14174,0.77717745
14175,0.77717745
14176,0.7814094
14177,0.77717745
14178,0.7814094
14179,0.77717745
14180,0.77717745
14181,0.7814094
14182,0.77717745
14183,0.77717745
14184,0.77717745
14185,0.7814094
14186,0.77717745
14187,0.77717745
14188,0.77717745
14189,0.7814094
14190,0.77717745
14191,0.77717745
14192,0.77717745
14193,0.7814094
14194,0.77717745
14195,0.77717745
14196,0.7814094
14197,0.77717745
14198,0.77717745
14199,0.77717745
14200,0.77717745
14201,0.77717745
14202,0.77717745
14203,0.790131
14204,0.77717745
14205,0.77717745
14206,0.7814094
14207,0.77717745
14208,0.77717745
14209,0.77717745
14210,0.77717745
14211,0.77717745
14212,0.77717745
14213,0.77717745
14214,0.77717745
14215,0.77717745
14216,0.77717745
14217,0.77717745
14218,0.77717745
14219,0.77717745
14220,0.77717745
14221,0.77717745
14222,0.77717745
14223,0.77717745
14224,0.77717745
14225,0.77717745
14226,0.77717745
14227,0.7814094
14228,0.77717745
14229,0.77717745
14230,0.77717745
14231,0.77717745
14232,0.77717745
14233,0.77717745
14234,0.7814094
14235,0.77717745
14236,0.7814094
14237,0.77717745
14238,0.77717745
14239,0.77717745
14240,0.77717745
14241,0.77717745
14242,0.77717745
14243,0.7814094
14244,0.7814094
14245,0.77717745
14246,0.77717745
14247,0.77717745
14248,0.77717745
14249,0.77717745
14250,0.77717745
14251,0.77717745
14252,0.77717745
14253,0.77717745
14254,0.77717745
14255,0.77717745
14256,0.7814094
14257,0.77717745
14258,0.77717745
14259,0.77717745
14260,0.77717745
14261,0.77717745
14262,0.77717745
14263,0.77717745
14264,0.77717745
14265,0.77717745
14266,0.77717745
14267,0.77717745
14268,0.77717745
14269,0.77717745
14270,0.7814094
14271,0.77717745
14272,0.77717745
14273,0.77717745
14274,0.77717745
14275,0.77717745
14276,0.7814094
14277,0.77717745
14278,0.77717745
14279,0.77717745
14280,0.77717745
14281,0.7814094
14282,0.77717745
14283,0.77717745
14284,0.77717745
14285,0.7814094
14286,0.77717745
14287,0.77717745
14288,0.77717745
14289,0.77717745
14290,0.77717745
14291,0.77717745
14292,0.77717745
14293,0.77717745
14294,0.77717745
14295,0.77717745
14296,0.77717745
14297,0.77717745
14298,0.77717745
14299,0.77717745
14300,0.7814094
14301,0.7814094
14302,0.7814094
14303,0.77717745
14304,0.77717745
14305,0.77717745
14306,0.77717745
14307,0.77717745
14308,0.77717745
14309,0.7814094
14310,0.7814094
14311,0.77717745
14312,0.77717745
14313,0.7814094
14314,0.77717745
14315,0.7908043
14316,0.77717745
14317,0.77717745
14318,0.77717745
14319,0.77717745
14320,0.77717745
14321,0.77717745
14322,0.77717745
14323,0.77717745
14324,0.77717745
14325,0.77717745
14326,0.77717745
14327,0.77717745
14328,0.77717745
14329,0.77717745
14330,0.77717745
14331,0.7814094
14332,0.77717745
14333,0.77717745
14334,0.77717745
14335,0.7814094
14336,0.77717745
14337,0.7908043
14338,0.77717745
14339,0.77717745
14340,0.77717745
14341,0.77717745
14342,0.77717745
14343,0.77717745
14344,0.77717745
14345,0.77717745
14346,0.77717745
14347,0.77717745
14348,0.77717745
14349,0.77717745
14350,0.77717745
14351,0.77717745
14352,0.77717745
14353,0.77717745
14354,0.7814094
14355,0.7814094
14356,0.77717745
14357,0.77717745
14358,0.77717745
14359,0.77717745
14360,0.77717745
14361,0.77717745
14362,0.77717745
14363,0.77717745
14364,0.7814094
14365,0.77717745
14366,0.77717745
14367,0.77717745
14368,0.77717745
14369,0.77717745
14370,0.77717745
14371,0.77717745
14372,0.77717745
14373,0.77717745
14374,0.77717745
14375,0.77717745
14376,0.77717745
14377,0.77717745
14378,0.7814094
14379,0.77717745
14380,0.7814094
14381,0.77717745
14382,0.7814094
14383,0.77717745
14384,0.77717745
14385,0.7814094
14386,0.77717745
14387,0.77717745
14388,0.7814094
14389,0.77717745
14390,0.77717745
14391,0.77717745
14392,0.77717745
14393,0.77717745
14394,0.77717745
14395,0.77717745
14396,0.77717745
14397,0.7814094
14398,0.77717745
14399,0.7814094
14400,0.77717745
14401,0.77717745
14402,0.77717745
14403,0.77717745
14404,0.7814094
14405,0.77717745
14406,0.77717745
14407,0.77717745
14408,0.77717745
14409,0.77717745
14410,0.77717745
14411,0.77717745
14412,0.77717745
14413,0.77717745
14414,0.77717745
14415,0.77717745
14416,0.77717745
14417,0.798784
14418,0.77717745
14419,0.77717745
14420,0.7908043
14421,0.77717745
14422,0.77717745
14423,0.77717745
14424,0.77717745
14425,0.77717745
14426,0.77717745
14427,0.77717745
14428,0.77717745
14429,0.77717745
14430,0.77717745
14431,0.77717745
14432,0.77717745
14433,0.77717745
14434,0.77717745
14435,0.77717745
14436,0.77717745
14437,0.77717745
14438,0.77717745
14439,0.77717745
14440,0.77717745
14441,0.77717745
14442,0.77717745
14443,0.7814094
14444,0.77717745
14445,0.77717745
14446,0.7814094
14447,0.77717745
14448,0.77717745
14449,0.77717745
14450,0.77717745
14451,0.77717745
14452,0.77717745
14453,0.77717745
14454,0.77717745
14455,0.77717745
14456,0.7814094
14457,0.77717745
14458,0.77717745
14459,0.77717745
14460,0.77717745
14461,0.77717745
14462,0.77717745
14463,0.77717745
14464,0.77717745
14465,0.77717745
14466,0.7814094
14467,0.77717745
14468,0.77717745
14469,0.77717745
14470,0.7814094
14471,0.77717745
14472,0.77717745
14473,0.77717745
14474,0.77717745
14475,0.77717745
14476,0.77717745
14477,0.7814094
14478,0.77717745
14479,0.77717745
14480,0.77717745
14481,0.77717745
14482,0.77717745
14483,0.77717745
14484,0.7814094
14485,0.77717745
14486,0.77717745
14487,0.77717745
14488,0.7814094
14489,0.77717745
14490,0.77717745
14491,0.77717745
14492,0.77717745
14493,0.7814094
14494,0.77717745
14495,0.77717745
14496,0.77717745
14497,0.7814094
14498,0.77717745
14499,0.77717745
14500,0.77717745
14501,0.77717745
14502,0.7814094
14503,0.77717745
14504,0.7814094
14505,0.77717745
14506,0.77717745
14507,0.77717745
14508,0.77717745
14509,0.7814094
14510,0.77717745
14511,0.77717745
14512,0.77717745
14513,0.77717745
14514,0.77717745
14515,0.77717745
14516,0.77717745
14517,0.77717745
14518,0.77717745
14519,0.77717745
14520,0.77717745
14521,0.7814094
14522,0.77717745
14523,0.77717745
14524,0.7908043
14525,0.77717745
14526,0.77717745
14527,0.77717745
14528,0.77717745
14529,0.787234
14530,0.77717745
14531,0.77717745
14532,0.77717745
14533,0.77717745
14534,0.77717745
14535,0.77717745
14536,0.77717745
14537,0.77717745
14538,0.77717745
14539,0.77717745
14540,0.77717745
14541,0.77717745
14542,0.77717745
14543,0.77717745
14544,0.77717745
14545,0.77717745
14546,0.77717745
14547,0.7814094
14548,0.77717745
14549,0.77717745
14550,0.77717745
14551,0.77717745
14552,0.77717745
14553,0.77717745
14554,0.77717745
14555,0.77717745
14556,0.77717745
14557,0.77717745
14558,0.77717745
14559,0.77717745
14560,0.77717745
14561,0.77717745
14562,0.77717745
14563,0.77717745
14564,0.77717745
14565,0.77717745
14566,0.77717745
14567,0.77717745
14568,0.77717745
14569,0.77717745
14570,0.77717745
14571,0.77717745
14572,0.77717745
14573,0.77717745
14574,0.77717745
14575,0.77717745
14576,0.77717745
14577,0.77717745
14578,0.77717745
14579,0.77717745
14580,0.77717745
14581,0.77717745
14582,0.77717745
14583,0.77717745
14584,0.7814094
14585,0.77717745
14586,0.77717745
14587,0.77717745
14588,0.77717745
14589,0.77717745
14590,0.77717745
14591,0.7814094
14592,0.77717745
14593,0.790131
14594,0.77717745
14595,0.77717745
14596,0.77717745
14597,0.77717745
14598,0.77717745
14599,0.77717745
14600,0.77717745
14601,0.77717745
14602,0.77717745
14603,0.77717745
14604,0.77717745
14605,0.77717745
14606,0.77717745
14607,0.77717745
14608,0.790131
14609,0.77717745
14610,0.77717745
14611,0.77717745
14612,0.77717745
14613,0.77717745
14614,0.77717745
14615,0.77717745
14616,0.7814094
14617,0.77717745
14618,0.7814094
14619,0.77717745
14620,0.77717745
14621,0.77717745
14622,0.7814094
14623,0.77717745
14624,0.77717745
14625,0.77717745
14626,0.77717745
14627,0.77717745
14628,0.77717745
14629,0.77717745
14630,0.77717745
14631,0.77717745
14632,0.77717745
14633,0.77717745
14634,0.7814094
14635,0.77717745
14636,0.77717745
14637,0.77717745
14638,0.7814094
14639,0.77717745
14640,0.77717745
14641,0.77717745
14642,0.77717745
14643,0.77717745
14644,0.77717745
14645,0.77717745
14646,0.77717745
14647,0.77717745
14648,0.77717745
14649,0.77717745
14650,0.77717745
14651,0.77717745
14652,0.77717745
14653,0.77717745
14654,0.77717745
14655,0.77717745
14656,0.77717745
14657,0.77717745
14658,0.77717745
14659,0.77717745
14660,0.77717745
14661,0.77717745
14662,0.77717745
14663,0.77717745
14664,0.77717745
14665,0.77717745
14666,0.77717745
14667,0.77717745
14668,0.77717745
14669,0.77717745
14670,0.77717745
14671,0.77717745
14672,0.77717745
14673,0.77717745
14674,0.77717745
14675,0.77717745
14676,0.77717745
14677,0.77717745
14678,0.77717745
14679,0.77717745
14680,0.77717745
14681,0.7814094
14682,0.77717745
14683,0.77717745
14684,0.77717745
14685,0.77717745
14686,0.77717745
14687,0.7903534
14688,0.77717745
14689,0.77717745
14690,0.77717745
14691,0.77717745
14692,0.77717745
14693,0.77717745
14694,0.77717745
14695,0.77717745
14696,0.77717745
14697,0.77717745
14698,0.77717745
14699,0.7814094
14700,0.77717745
14701,0.77717745
14702,0.77717745
14703,0.787234
14704,0.77717745
14705,0.77717745
14706,0.77717745
14707,0.7814094
14708,0.77717745
14709,0.77717745
14710,0.77717745
14711,0.77717745
14712,0.77717745
14713,0.77717745
14714,0.77717745
14715,0.77717745
14716,0.7908043
14717,0.77717745
14718,0.7814094
14719,0.77717745
14720,0.77717745
14721,0.77717745
14722,0.77717745
14723,0.77717745
14724,0.7814094
14725,0.77717745
14726,0.77717745
14727,0.77717745
14728,0.77717745
14729,0.77717745
14730,0.77717745
14731,0.77717745
14732,0.77717745
14733,0.77717745
14734,0.7814094
14735,0.77717745
14736,0.77717745
14737,0.77717745
14738,0.7814094
14739,0.77717745
14740,0.77717745
14741,0.77717745
14742,0.77717745
14743,0.77717745
14744,0.77717745
14745,0.77717745
14746,0.77717745
14747,0.77717745
14748,0.77717745
14749,0.77717745
14750,0.7814094
14751,0.77717745
14752,0.77717745
14753,0.77717745
14754,0.7814094
14755,0.77717745
14756,0.77717745
14757,0.77717745
14758,0.77717745
14759,0.77717745
14760,0.77717745
14761,0.77717745
14762,0.77717745
14763,0.77717745
14764,0.77717745
14765,0.77717745
14766,0.77717745
14767,0.77717745
14768,0.77717745
14769,0.77717745
14770,0.77717745
14771,0.77717745
14772,0.77717745
14773,0.77717745
14774,0.77717745
14775,0.77717745
14776,0.77717745
14777,0.77717745
14778,0.77717745
14779,0.77717745
14780,0.7814094
14781,0.77717745
14782,0.77717745
14783,0.77717745
14784,0.77717745
14785,0.77717745
14786,0.77717745
14787,0.77717745
14788,0.77717745
14789,0.77717745
14790,0.77717745
14791,0.77717745
14792,0.77717745
14793,0.77717745
14794,0.77717745
14795,0.77717745
14796,0.77717745
14797,0.77717745
14798,0.7814094
14799,0.77717745
14800,0.77717745
14801,0.77717745
14802,0.7814094
14803,0.79140604
14804,0.77717745
14805,0.77717745
14806,0.77717745
14807,0.7908043
14808,0.77717745
14809,0.77717745
14810,0.77717745
14811,0.77717745
14812,0.77717745
14813,0.77717745
14814,0.77717745
14815,0.77717745
14816,0.77717745
14817,0.7814094
14818,0.77717745
14819,0.77717745
14820,0.77717745
14821,0.77717745
14822,0.77717745
14823,0.77717745
14824,0.77717745
14825,0.77717745
14826,0.77717745
14827,0.77717745
14828,0.77717745
14829,0.77717745
14830,0.77717745
14831,0.77717745
14832,0.77717745
14833,0.77717745
14834,0.77717745
14835,0.77717745
14836,0.77717745
14837,0.77717745
14838,0.77717745
14839,0.7814094
14840,0.7814094
14841,0.77717745
14842,0.77717745
14843,0.7814094
14844,0.77717745
14845,0.77717745
14846,0.77717745
14847,0.77717745
14848,0.77717745
14849,0.77717745
14850,0.77717745
14851,0.77717745
14852,0.77717745
14853,0.77717745
14854,0.77717745
14855,0.77717745
14856,0.77717745
14857,0.77717745
14858,0.77717745
14859,0.77717745
14860,0.7771794
14861,0.77717745
14862,0.77717745
14863,0.77717745
14864,0.77717745
14865,0.77717745
14866,0.77717745
14867,0.77717745
14868,0.77717745
14869,0.77717745
14870,0.77717745
14871,0.77717745
14872,0.77717745
14873,0.7814094
14874,0.77717745
14875,0.77717745
14876,0.77717745
14877,0.77717745
14878,0.77717745
14879,0.77717745
14880,0.77717745
14881,0.7814094
14882,0.77717745
14883,0.77717745
14884,0.7814094
14885,0.77717745
14886,0.77717745
14887,0.77717745
14888,0.77717745
14889,0.77717745
14890,0.77717745
14891,0.7814094
14892,0.77717745
14893,0.77717745
14894,0.77717745
14895,0.77717745
14896,0.77717745
14897,0.77717745
14898,0.77717745
14899,0.7814094
14900,0.77717745
14901,0.77717745
14902,0.77717745
14903,0.77717745
14904,0.77717745
14905,0.77717745
14906,0.77717745
14907,0.77717745
14908,0.7814094
14909,0.7814094
14910,0.77717745
14911,0.77717745
14912,0.77717745
14913,0.77717745
14914,0.77717745
14915,0.77717745
14916,0.77717745
14917,0.77717745
14918,0.77717745
14919,0.77717745
14920,0.77717745
14921,0.77717745
14922,0.77717745
14923,0.77717745
14924,0.77717745
14925,0.77717745
14926,0.77717745
14927,0.77717745
14928,0.77717745
14929,0.77717745
14930,0.77717745
14931,0.77717745
14932,0.77717745
14933,0.77717745
14934,0.77717745
14935,0.77717745
14936,0.77717745
14937,0.77717745
14938,0.7814094
14939,0.77717745
14940,0.7814094
14941,0.77717745
14942,0.77717745
14943,0.77717745
14944,0.77717745
14945,0.77717745
14946,0.77717745
14947,0.77717745
14948,0.77717745
14949,0.77717745
14950,0.77717745
14951,0.77717745
14952,0.77717745
14953,0.77717745
14954,0.77717745
14955,0.77717745
14956,0.77717745
14957,0.77717745
14958,0.7814094
14959,0.77717745
14960,0.7814094
14961,0.77717745
14962,0.77717745
14963,0.77717745
14964,0.77717745
14965,0.7814094
14966,0.7814094
14967,0.7814094
14968,0.77717745
14969,0.77717745
14970,0.7814094
14971,0.7814094
14972,0.77717745
14973,0.77717745
14974,0.7814094
14975,0.77717745
14976,0.77717745
14977,0.77717745
14978,0.77717745
14979,0.77717745
14980,0.77717745
14981,0.77717745
14982,0.7814094
14983,0.77717745
14984,0.77717745
14985,0.77717745
14986,0.77717745
14987,0.77717745
14988,0.77717745
14989,0.77717745
14990,0.77717745
14991,0.77717745
14992,0.77717745
14993,0.77717745
14994,0.77717745
14995,0.77717745
14996,0.77717745
14997,0.77717745
14998,0.77717745
14999,0.77717745
15000,0.77717745
15001,0.77717745
15002,0.77717745
15003,0.77717745
15004,0.77717745
15005,0.77717745
15006,0.77717745
15007,0.77717745
15008,0.77717745
15009,0.7814094
15010,0.787234
15011,0.77717745
15012,0.77717745
15013,0.77717745
15014,0.77717745
15015,0.77717745
15016,0.77717745
15017,0.77717745
15018,0.77717745
15019,0.77717745
15020,0.77717745
15021,0.77717745
15022,0.77717745
15023,0.77717745
15024,0.77717745
15025,0.77717745
15026,0.77717745
15027,0.77717745
15028,0.77717745
15029,0.77717745
15030,0.77717745
15031,0.77717745
15032,0.77717745
15033,0.77717745
15034,0.77717745
15035,0.77717745
15036,0.77717745
15037,0.77717745
15038,0.77717745
15039,0.77717745
15040,0.77717745
15041,0.77717745
15042,0.77717745
15043,0.7814094
15044,0.77717745
15045,0.77717745
15046,0.77717745
15047,0.77717745
15048,0.77717745
15049,0.77717745
15050,0.77717745
15051,0.77717745
15052,0.77717745
15053,0.77717745
15054,0.7814094
15055,0.77717745
15056,0.77717745
15057,0.77717745
15058,0.77717745
15059,0.77717745
15060,0.77717745
15061,0.77717745
15062,0.77717745
15063,0.77717745
15064,0.77717745
15065,0.77717745
15066,0.77717745
15067,0.77717745
15068,0.77717745
15069,0.77717745
15070,0.77717745
15071,0.77717745
15072,0.77717745
15073,0.77717745
15074,0.77717745
15075,0.7814094
15076,0.77717745
15077,0.77717745
15078,0.7814094
15079,0.77717745
15080,0.77717745
15081,0.77717745
15082,0.77717745
15083,0.77717745
15084,0.77717745
15085,0.77717745
15086,0.77717745
15087,0.77717745
15088,0.77717745
15089,0.77717745
15090,0.77717745
15091,0.77717745
15092,0.77717745
15093,0.77717745
15094,0.77717745
15095,0.77717745
15096,0.77717745
15097,0.77717745
15098,0.77717745
15099,0.77717745
15100,0.77717745
15101,0.7814094
15102,0.77717745
15103,0.7814094
15104,0.77717745
15105,0.77717745
15106,0.77717745
15107,0.77717745
15108,0.77717745
15109,0.77717745
15110,0.77717745
15111,0.77717745
15112,0.77717745
15113,0.77717745
15114,0.77717745
15115,0.79140604
15116,0.77717745
15117,0.7814094
15118,0.77717745
15119,0.77717745
15120,0.77717745
15121,0.77717745
15122,0.77717745
15123,0.77717745
15124,0.77717745
15125,0.77717745
15126,0.77717745
15127,0.77717745
15128,0.7814094
15129,0.77717745
15130,0.77717745
15131,0.77717745
15132,0.7814094
15133,0.787234
15134,0.77717745
15135,0.77717745
15136,0.77717745
15137,0.77717745
15138,0.7814094
15139,0.77717745
15140,0.77717745
15141,0.77717745
15142,0.77717745
15143,0.77717745
15144,0.77717745
15145,0.7814094
15146,0.77717745
15147,0.77717745
15148,0.77717745
15149,0.77717745
15150,0.77717745
15151,0.77717745
15152,0.7814094
15153,0.77717745
15154,0.77717745
15155,0.77717745
15156,0.77717745
15157,0.77717745
15158,0.77717745
15159,0.77717745
15160,0.77717745
15161,0.77717745
15162,0.7814094
15163,0.77717745
15164,0.77717745
15165,0.77717745
15166,0.77717745
15167,0.77717745
15168,0.77717745
15169,0.77717745
15170,0.77717745
15171,0.790131
15172,0.77717745
15173,0.77717745
15174,0.77717745
15175,0.77717745
15176,0.7814094
15177,0.77717745
15178,0.77717745
15179,0.77717745
15180,0.77717745
15181,0.77717745
15182,0.77717745
15183,0.77717745
15184,0.77717745
15185,0.77717745
15186,0.77717745
15187,0.77717745
15188,0.77717745
15189,0.77717745
15190,0.7814094
15191,0.77717745
15192,0.77717745
15193,0.77717745
15194,0.77717745
15195,0.77717745
15196,0.77717745
15197,0.77717745
15198,0.77717745
15199,0.77717745
15200,0.77717745
15201,0.77717745
15202,0.77717745
15203,0.7814094
15204,0.77717745
15205,0.77717745
15206,0.77717745
15207,0.77717745
15208,0.77717745
15209,0.77717745
15210,0.77717745
15211,0.77717745
15212,0.7814094
15213,0.77717745
15214,0.77717745
15215,0.77717745
15216,0.77717745
15217,0.77717745
15218,0.77717745
15219,0.77717745
15220,0.77717745
15221,0.77717745
15222,0.77717745
15223,0.77717745
15224,0.77717745
15225,0.77717745
15226,0.77717745
15227,0.77717745
15228,0.77717745
15229,0.77717745
15230,0.77717745
15231,0.77717745
15232,0.77717745
15233,0.77717745
15234,0.77717745
15235,0.77717745
15236,0.77717745
15237,0.77717745
15238,0.77717745
15239,0.77717745
15240,0.77717745
15241,0.77717745
15242,0.77717745
15243,0.7814094
15244,0.77717745
15245,0.77717745
15246,0.77717745
15247,0.77717745
15248,0.77717745
15249,0.77717745
15250,0.77717745
15251,0.77717745
15252,0.77717745
15253,0.77717745
15254,0.77717745
15255,0.77717745
15256,0.77717745
15257,0.77717745
15258,0.77717745
15259,0.77717745
15260,0.77717745
15261,0.77717745
15262,0.7814094
15263,0.77717745
15264,0.77717745
15265,0.77717745
15266,0.77717745
15267,0.77717745
15268,0.77717745
15269,0.77717745
15270,0.7814094
15271,0.77717745
15272,0.77717745
15273,0.77717745
15274,0.77717745
15275,0.77717745
15276,0.77717745
15277,0.77717745
15278,0.77717745
15279,0.77717745
15280,0.77717745
15281,0.77717745
15282,0.77717745
15283,0.77717745
15284,0.77717745
15285,0.77717745
15286,0.77717745
15287,0.77717745
15288,0.77717745
15289,0.77717745
15290,0.77717745
15291,0.77717745
15292,0.77717745
15293,0.7814094
15294,0.77717745
15295,0.77717745
15296,0.77717745
15297,0.77717745
15298,0.77717745
15299,0.77717745
15300,0.77717745
15301,0.77717745
15302,0.77717745
15303,0.7814094
15304,0.7814094
15305,0.77717745
15306,0.77717745
15307,0.77717745
15308,0.77717745
15309,0.77717745
15310,0.77717745
15311,0.77717745
15312,0.77717745
15313,0.77717745
15314,0.787234
15315,0.77717745
15316,0.77717745
15317,0.790131
15318,0.77717745
15319,0.77717745
15320,0.77717745
15321,0.77717745
15322,0.77717745
15323,0.77717745
15324,0.77717745
15325,0.77717745
15326,0.77717745
15327,0.77717745
15328,0.77717745
15329,0.77717745
15330,0.77717745
15331,0.77717745
15332,0.77717745
15333,0.77717745
15334,0.77717745
15335,0.77717745
15336,0.7814094
15337,0.77717745
15338,0.77717745
15339,0.77717745
15340,0.7814094
15341,0.77717745
15342,0.77717745
15343,0.77717745
15344,0.77717745
15345,0.77717745
15346,0.77717745
15347,0.77717745
15348,0.77717745
15349,0.77717745
15350,0.77717745
15351,0.77717745
15352,0.77717745
15353,0.77717745
15354,0.77717745
15355,0.77717745
15356,0.77717745
15357,0.77717745
15358,0.77717745
15359,0.77717745
15360,0.7814094
15361,0.77717745
15362,0.77717745
15363,0.77717745
15364,0.77717745
15365,0.77717745
15366,0.7814094
15367,0.77717745
15368,0.77717745
15369,0.77717745
15370,0.7814094
15371,0.77717745
15372,0.77717745
15373,0.77717745
15374,0.77717745
15375,0.77717745
15376,0.7814094
15377,0.7814094
15378,0.77717745
15379,0.77717745
15380,0.77717745
15381,0.77717745
15382,0.77717745
15383,0.77717745
15384,0.77717745
15385,0.77717745
15386,0.77717745
15387,0.77717745
15388,0.77717745
15389,0.77717745
15390,0.77717745
15391,0.77717745
15392,0.77717745
15393,0.77717745
15394,0.77717745
15395,0.77717745
15396,0.77717745
15397,0.77717745
15398,0.77717745
15399,0.7814094
15400,0.77717745
15401,0.77717745
15402,0.77717745
15403,0.77717745
15404,0.77717745
15405,0.77717745
15406,0.77717745
15407,0.77717745
15408,0.77717745
15409,0.7814094
15410,0.77717745
15411,0.77717745
15412,0.77717745
15413,0.77717745
15414,0.77717745
15415,0.77717745
15416,0.7814094
15417,0.77717745
15418,0.77717745
15419,0.7814094
15420,0.77717745
15421,0.7814094
15422,0.77717745
15423,0.77717745
15424,0.77717745
15425,0.77717745
15426,0.77717745
15427,0.77717745
15428,0.77717745
15429,0.77717745
15430,0.77717745
15431,0.77717745
15432,0.77717745
15433,0.77717745
15434,0.77717745
15435,0.77717745
15436,0.77717745
15437,0.77717745
15438,0.77717745
15439,0.77717745
15440,0.77717745
15441,0.77717745
15442,0.77717745
15443,0.77717745
15444,0.7814094
15445,0.77717745
15446,0.77717745
15447,0.7814094
15448,0.77717745
15449,0.77717745
15450,0.77717745
15451,0.77717745
15452,0.77717745
15453,0.7814094
15454,0.77717745
15455,0.77717745
15456,0.77717745
15457,0.77717745
15458,0.77717745
15459,0.77717745
15460,0.77717745
15461,0.77717745
15462,0.77717745
15463,0.77717745
15464,0.77717745
15465,0.77717745
15466,0.77717745
15467,0.77717745
15468,0.77717745
15469,0.77717745
15470,0.77717745
15471,0.7814094
15472,0.77717745
15473,0.77717745
15474,0.77717745
15475,0.77717745
15476,0.77717745
15477,0.77717745
15478,0.77717745
15479,0.7814094
15480,0.77717745
15481,0.77717745
15482,0.77717745
15483,0.77717745
15484,0.77717745
15485,0.77717745
15486,0.77717745
15487,0.7814094
15488,0.77717745
15489,0.77717745
15490,0.77717745
15491,0.77717745
15492,0.77717745
15493,0.77717745
15494,0.77717745
15495,0.77717745
15496,0.77717745
15497,0.77717745
15498,0.77717745
15499,0.77717745
15500,0.77717745
15501,0.77717745
15502,0.77717745
15503,0.77717745
15504,0.7814094
15505,0.77717745
15506,0.77717745
15507,0.77717745
15508,0.77717745
15509,0.77717745
15510,0.77717745
15511,0.77717745
15512,0.77717745
15513,0.77717745
15514,0.77717745
15515,0.77717745
15516,0.77717745
15517,0.77717745
15518,0.77717745
15519,0.77717745
15520,0.77717745
15521,0.77717745
15522,0.77717745
15523,0.7814094
15524,0.7814094
15525,0.77717745
15526,0.77717745
15527,0.77717745
15528,0.77717745
15529,0.77717745
15530,0.77717745
15531,0.77717745
15532,0.77717745
15533,0.77717745
15534,0.77717745
15535,0.77717745
15536,0.77717745
15537,0.77717745
15538,0.77717745
15539,0.77717745
15540,0.77717745
15541,0.77717745
15542,0.7814094
15543,0.77717745
15544,0.77717745
15545,0.77717745
15546,0.7908043
15547,0.77717745
15548,0.77717745
15549,0.77717745
15550,0.77717745
15551,0.77717745
15552,0.77717745
15553,0.77717745
15554,0.77717745
15555,0.77717745
15556,0.7908043
15557,0.77717745
15558,0.77717745
15559,0.787234
15560,0.77717745
15561,0.77717745
15562,0.77717745
15563,0.77717745
15564,0.77717745
15565,0.787234
15566,0.77717745
15567,0.77717745
15568,0.77717745
15569,0.787234
15570,0.77717745
15571,0.77717745
15572,0.77717745
15573,0.77717745
15574,0.77717745
15575,0.77717745
15576,0.77717745
15577,0.7814094
15578,0.77717745
15579,0.77717745
15580,0.77717745
15581,0.77717745
15582,0.77717745
15583,0.77717745
15584,0.7814094
15585,0.77717745
15586,0.77717745
15587,0.77717745
15588,0.77717745
15589,0.77717745
15590,0.77717745
15591,0.77717745
15592,0.77717745
15593,0.77717745
15594,0.77717745
15595,0.77717745
15596,0.77717745
15597,0.77717745
15598,0.77717745
15599,0.77717745
15600,0.77717745
15601,0.77717745
15602,0.77717745
15603,0.77717745
15604,0.77717745
15605,0.77717745
15606,0.77717745
15607,0.77717745
15608,0.77717745
15609,0.77717745
15610,0.77717745
15611,0.77717745
15612,0.77717745
15613,0.77717745
15614,0.77717745
15615,0.77717745
15616,0.77717745
15617,0.7814094
15618,0.7814094
15619,0.7814094
15620,0.7814094
15621,0.77717745
15622,0.77717745
15623,0.77717745
15624,0.77717745
15625,0.77717745
15626,0.77717745
15627,0.77717745
15628,0.77717745
15629,0.77717745
15630,0.77717745
15631,0.77717745
15632,0.77717745
15633,0.77717745
15634,0.77717745
15635,0.77717745
15636,0.77717745
15637,0.77717745
15638,0.77717745
15639,0.77717745
15640,0.77717745
15641,0.77717745
15642,0.77717745
15643,0.77717745
15644,0.77717745
15645,0.77717745
15646,0.77717745
15647,0.7908043
15648,0.77717745
15649,0.77717745
15650,0.77717745
15651,0.77717745
15652,0.77717745
15653,0.77717745
15654,0.77717745
15655,0.77717745
15656,0.77717745
15657,0.77717745
15658,0.7814094
15659,0.77717745
15660,0.77717745
15661,0.77717745
15662,0.77717745
15663,0.77717745
15664,0.77717745
15665,0.77717745
15666,0.77717745
15667,0.77717745
15668,0.77717745
15669,0.7814094
15670,0.77717745
15671,0.77717745
15672,0.77717745
15673,0.77717745
15674,0.7814094
15675,0.77717745
15676,0.77717745
15677,0.77717745
15678,0.77717745
15679,0.77717745
15680,0.77717745
15681,0.77717745
15682,0.77717745
15683,0.77717745
15684,0.77717745
15685,0.77717745
15686,0.77717745
15687,0.77717745
15688,0.77717745
15689,0.77717745
15690,0.77717745
15691,0.77717745
15692,0.77717745
15693,0.77717745
15694,0.7814094
15695,0.77717745
15696,0.77717745
15697,0.77717745
15698,0.77717745
15699,0.77717745
15700,0.77717745
15701,0.7814094
15702,0.77717745
15703,0.77717745
15704,0.77717745
15705,0.7814094
15706,0.77717745
15707,0.77717745
15708,0.77717745
15709,0.77717745
15710,0.77717745
15711,0.77717745
15712,0.77717745
15713,0.77717745
15714,0.7814094
15715,0.77717745
15716,0.7814094
15717,0.77717745
15718,0.77717745
15719,0.77717745
15720,0.7814094
15721,0.77717745
15722,0.7814094
15723,0.77717745
15724,0.77717745
15725,0.77717745
15726,0.77717745
15727,0.77717745
15728,0.77717745
15729,0.77717745
15730,0.77717745
15731,0.77717745
15732,0.77717745
15733,0.77717745
15734,0.77717745
15735,0.77717745
15736,0.77717745
15737,0.77717745
15738,0.77717745
15739,0.77717745
15740,0.77717745
15741,0.77717745
15742,0.77717745
15743,0.77717745
15744,0.77717745
15745,0.77717745
15746,0.77717745
15747,0.77717745
15748,0.7814094
15749,0.77717745
15750,0.77717745
15751,0.77717745
15752,0.77717745
15753,0.77717745
15754,0.77717745
15755,0.77717745
15756,0.77717745
15757,0.77717745
15758,0.77717745
15759,0.77717745
15760,0.7814094
15761,0.77717745
15762,0.77717745
15763,0.77717745
15764,0.77717745
15765,0.77717745
15766,0.77717745
15767,0.77717745
15768,0.77717745
15769,0.77717745
15770,0.77717745
15771,0.7814094
15772,0.77717745
15773,0.790131
15774,0.7814094
15775,0.77717745
15776,0.77717745
15777,0.77717745
15778,0.77717745
15779,0.77717745
15780,0.77717745
15781,0.77717745
15782,0.77717745
15783,0.77717745
15784,0.7814094
15785,0.77717745
15786,0.7814094
15787,0.77717745
15788,0.77717745
15789,0.77717745
15790,0.77717745
15791,0.77717745
15792,0.77717745
15793,0.77717745
15794,0.7814094
15795,0.77717745
15796,0.77717745
15797,0.77717745
15798,0.77717745
15799,0.77717745
15800,0.77717745
15801,0.77717745
15802,0.77717745
15803,0.77717745
15804,0.77717745
15805,0.77717745
15806,0.77717745
15807,0.77717745
15808,0.77717745
15809,0.7814094
15810,0.7814094
15811,0.77717745
15812,0.77717745
15813,0.77717745
15814,0.77717745
15815,0.77717745
15816,0.77717745
15817,0.77717745
15818,0.77717745
15819,0.7814094
15820,0.77717745
15821,0.77717745
15822,0.77717745
15823,0.77717745
15824,0.77717745
15825,0.77717745
15826,0.77717745
15827,0.77717745
15828,0.77717745
15829,0.77717745
15830,0.77717745
15831,0.77717745
15832,0.77717745
15833,0.77717745
15834,0.77717745
15835,0.77717745
15836,0.77717745
15837,0.77717745
15838,0.7814094
15839,0.77717745
15840,0.77717745
15841,0.77717745
15842,0.7908043
15843,0.7814094
15844,0.77717745
15845,0.7814094
15846,0.77717745
15847,0.77717745
15848,0.77717745
15849,0.77717745
15850,0.77717745
15851,0.7814094
15852,0.77717745
15853,0.77717745
15854,0.77717745
15855,0.77717745
15856,0.77717745
15857,0.77717745
15858,0.7814094
15859,0.77717745
15860,0.77717745
15861,0.7814094
15862,0.77717745
15863,0.77717745
15864,0.77717745
15865,0.77717745
15866,0.77717745
15867,0.77717745
15868,0.77717745
15869,0.77717745
15870,0.77717745
15871,0.77717745
15872,0.77717745
15873,0.77717745
15874,0.77717745
15875,0.77717745
15876,0.77717745
15877,0.77717745
15878,0.77717745
15879,0.77717745
15880,0.77717745
15881,0.77717745
15882,0.77717745
15883,0.77717745
15884,0.77717745
15885,0.77717745
15886,0.77717745
15887,0.77717745
15888,0.7814094
15889,0.77717745
15890,0.77717745
15891,0.77717745
15892,0.77717745
15893,0.77717745
15894,0.77717745
15895,0.77717745
15896,0.77717745
15897,0.77717745
15898,0.77717745
15899,0.77717745
15900,0.77717745
15901,0.77717745
15902,0.77717745
15903,0.77717745
15904,0.77717745
15905,0.77717745
15906,0.77717745
15907,0.77717745
15908,0.77717745
15909,0.77717745
15910,0.7814094
15911,0.77717745
15912,0.77717745
15913,0.77717745
15914,0.7814094
15915,0.77717745
15916,0.77717745
15917,0.77717745
15918,0.7814094
15919,0.77717745
15920,0.77717745
15921,0.77717745
15922,0.77717745
15923,0.77717745
15924,0.77717745
15925,0.77717745
15926,0.77717745
15927,0.77717745
15928,0.77717745
15929,0.77717745
15930,0.7814094
15931,0.7814094
15932,0.77717745
15933,0.77717745
15934,0.77717745
15935,0.77717745
15936,0.77717745
15937,0.77717745
15938,0.77717745
15939,0.77717745
15940,0.77717745
15941,0.7814094
15942,0.77717745
15943,0.7814094
15944,0.77717745
15945,0.77717745
15946,0.77717745
15947,0.77717745
15948,0.7814094
15949,0.7814094
15950,0.77717745
15951,0.77717745
15952,0.77717745
15953,0.77717745
15954,0.77717745
15955,0.77717745
15956,0.77717745
15957,0.77717745
15958,0.77717745
15959,0.77717745
15960,0.7814094
15961,0.77717745
15962,0.77717745
15963,0.77717745
15964,0.77717745
15965,0.77717745
15966,0.77717745
15967,0.77717745
15968,0.77717745
15969,0.77717745
15970,0.7908043
15971,0.77717745
15972,0.77717745
15973,0.77717745
15974,0.77717745
15975,0.77717745
15976,0.77717745
15977,0.77717745
15978,0.7814094
15979,0.77717745
15980,0.77717745
15981,0.77717745
15982,0.77717745
15983,0.77717745
15984,0.77717745
15985,0.77717745
15986,0.77717745
15987,0.77717745
15988,0.77717745
15989,0.77717745
15990,0.77717745
15991,0.787234
15992,0.77717745
15993,0.77717745
15994,0.77717745
15995,0.77717745
15996,0.77717745
15997,0.77717745
15998,0.77717745
15999,0.77717745
16000,0.77717745
16001,0.77717745
16002,0.77717745
16003,0.77717745
16004,0.77717745
16005,0.77717745
16006,0.77717745
16007,0.77717745
16008,0.77717745
16009,0.77717745
16010,0.77717745
16011,0.77717745
16012,0.77717745
16013,0.77717745
16014,0.77717745
16015,0.77717745
16016,0.77717745
16017,0.77717745
16018,0.77717745
16019,0.77717745
16020,0.77717745
16021,0.7814094
16022,0.77717745
16023,0.77717745
16024,0.77717745
16025,0.7814094
16026,0.77717745
16027,0.77717745
16028,0.77717745
16029,0.77717745
16030,0.7814094
16031,0.77717745
16032,0.77717745
16033,0.77717745
16034,0.77717745
16035,0.77717745
16036,0.77717745
16037,0.77717745
16038,0.77717745
16039,0.77717745
16040,0.77717745
16041,0.77717745
16042,0.77717745
16043,0.7814094
16044,0.77717745
16045,0.77717745
16046,0.77717745
16047,0.77717745
16048,0.77717745
16049,0.77717745
16050,0.77717745
16051,0.77717745
16052,0.77717745
16053,0.77717745
16054,0.7814094
16055,0.77717745
16056,0.77717745
16057,0.77717745
16058,0.7814094
16059,0.7814094
16060,0.77717745
16061,0.77717745
16062,0.7814094
16063,0.77717745
16064,0.77717745
16065,0.77717745
16066,0.77717745
16067,0.77717745
16068,0.77717745
16069,0.77717745
16070,0.77717745
16071,0.77717745
16072,0.77717745
16073,0.77717745
16074,0.77717745
16075,0.77717745
16076,0.7908043
16077,0.77717745
16078,0.77717745
16079,0.77717745
16080,0.77717745
16081,0.77717745
16082,0.77717745
16083,0.77717745
16084,0.77717745
16085,0.7814094
16086,0.77717745
16087,0.77717745
16088,0.787234
16089,0.77717745
16090,0.77717745
16091,0.77717745
16092,0.7814094
16093,0.77717745
16094,0.77717745
16095,0.77717745
16096,0.77717745
16097,0.77717745
16098,0.77717745
16099,0.77717745
16100,0.77717745
16101,0.77717745
16102,0.77717745
16103,0.77717745
16104,0.77717745
16105,0.77717745
16106,0.77717745
16107,0.77717745
16108,0.77717745
16109,0.77717745
16110,0.7814094
16111,0.7814094
16112,0.77717745
16113,0.77717745
16114,0.77717745
16115,0.77717745
16116,0.77717745
16117,0.77717745
16118,0.77717745
16119,0.77717745
16120,0.77717745
16121,0.77717745
16122,0.77717745
16123,0.77717745
16124,0.77717745
16125,0.77717745
16126,0.77717745
16127,0.77717745
16128,0.77717745
16129,0.77717745
16130,0.77717745
16131,0.77717745
16132,0.77717745
16133,0.7814094
16134,0.77717745
16135,0.7814094
16136,0.77717745
16137,0.77717745
16138,0.77717745
16139,0.77717745
16140,0.77717745
16141,0.77717745
16142,0.77717745
16143,0.77717745
16144,0.77717745
16145,0.77717745
16146,0.77717745
16147,0.77717745
16148,0.77717745
16149,0.77717745
16150,0.77717745
16151,0.77717745
16152,0.77717745
16153,0.77717745
16154,0.7814094
16155,0.77717745
16156,0.7814094
16157,0.77717745
16158,0.77717745
16159,0.77717745
16160,0.77717745
16161,0.77717745
16162,0.7814094
16163,0.7814094
16164,0.77717745
16165,0.77717745
16166,0.77717745
16167,0.7814094
16168,0.77717745
16169,0.77717745
16170,0.77717745
16171,0.77717745
16172,0.77717745
16173,0.77717745
16174,0.7814094
16175,0.77717745
16176,0.77717745
16177,0.7814094
16178,0.77717745
16179,0.77717745
16180,0.77717745
16181,0.7814094
16182,0.77717745
16183,0.77717745
16184,0.77717745
16185,0.7814094
16186,0.77717745
16187,0.77717745
16188,0.7814094
16189,0.77717745
16190,0.77717745
16191,0.77717745
16192,0.77717745
16193,0.77717745
16194,0.7814094
16195,0.77717745
16196,0.77717745
16197,0.77717745
16198,0.77717745
16199,0.77717745
16200,0.77717745
16201,0.7814094
16202,0.77717745
16203,0.77717745
16204,0.77717745
16205,0.77717745
16206,0.77717745
16207,0.77717745
16208,0.77717745
16209,0.77717745
16210,0.77717745
16211,0.77717745
16212,0.77717745
16213,0.77717745
16214,0.77717745
16215,0.7814094
16216,0.77717745
16217,0.77717745
16218,0.7814094
16219,0.77717745
16220,0.7814094
16221,0.77717745
16222,0.77717745
16223,0.77717745
16224,0.77717745
16225,0.77717745
16226,0.77717745
16227,0.77717745
16228,0.77717745
16229,0.77717745
16230,0.77717745
16231,0.77717745
16232,0.7814094
16233,0.77717745
16234,0.7814094
16235,0.77717745
16236,0.77717745
16237,0.77717745
16238,0.77717745
16239,0.77717745
16240,0.77717745
16241,0.77717745
16242,0.77717745
16243,0.77717745
16244,0.77717745
16245,0.77717745
16246,0.77717745
16247,0.77717745
16248,0.7814094
16249,0.77717745
16250,0.77717745
16251,0.77717745
16252,0.77717745
16253,0.77717745
16254,0.7814094
16255,0.77717745
16256,0.77717745
16257,0.77717745
16258,0.7814094
16259,0.77717745
16260,0.77717745
16261,0.77717745
16262,0.77717745
16263,0.77717745
16264,0.7814094
16265,0.77717745
16266,0.77717745
16267,0.7814094
16268,0.77717745
16269,0.77717745
16270,0.77717745
16271,0.7814094
16272,0.7814094
16273,0.77717745
16274,0.77717745
16275,0.77717745
16276,0.77717745
16277,0.77717745
16278,0.77717745
16279,0.77717745
16280,0.77717745
16281,0.77717745
16282,0.77717745
16283,0.77717745
16284,0.77717745
16285,0.7908043
16286,0.77717745
16287,0.77717745
16288,0.77717745
16289,0.77717745
16290,0.77717745
16291,0.77717745
16292,0.7814094
16293,0.77717745
16294,0.77717745
16295,0.77717745
16296,0.77717745
16297,0.77717745
16298,0.77717745
16299,0.77717745
16300,0.77717745
16301,0.77717745
16302,0.77717745
16303,0.77717745
16304,0.77717745
16305,0.77717745
16306,0.77717745
16307,0.77717745
16308,0.77717745
16309,0.77717745
16310,0.77717745
16311,0.77717745
16312,0.77717745
16313,0.77717745
16314,0.77717745
16315,0.77717745
16316,0.7814094
16317,0.77717745
16318,0.7908043
16319,0.77717745
16320,0.77717745
16321,0.77717745
16322,0.77717745
16323,0.77717745
16324,0.77717745
16325,0.77717745
16326,0.77717745
16327,0.77717745
16328,0.77717745
16329,0.77717745
16330,0.77717745
16331,0.77717745
16332,0.7908043
16333,0.77717745
16334,0.77717745
16335,0.7814094
16336,0.7814094
16337,0.77717745
16338,0.77717745
16339,0.77717745
16340,0.7814094
16341,0.77717745
16342,0.77717745
16343,0.77717745
16344,0.77717745
16345,0.77717745
16346,0.77717745
16347,0.77717745
16348,0.77717745
16349,0.77717745
16350,0.77717745
16351,0.77717745
16352,0.77717745
16353,0.7814094
16354,0.77717745
16355,0.77717745
16356,0.77717745
16357,0.77717745
16358,0.77717745
16359,0.77717745
16360,0.77717745
16361,0.77717745
16362,0.77717745
16363,0.77717745
16364,0.77717745
16365,0.77717745
16366,0.77717745
16367,0.7814094
16368,0.77717745
16369,0.7814094
16370,0.77717745
16371,0.77717745
16372,0.77717745
16373,0.77717745
16374,0.77717745
16375,0.77717745
16376,0.77717745
16377,0.77717745
16378,0.77717745
16379,0.77717745
16380,0.7814094
16381,0.77717745
16382,0.77717745
16383,0.77717745
16384,0.77717745
16385,0.77717745
16386,0.77717745
16387,0.77717745
16388,0.77717745
16389,0.77717745
16390,0.77717745
16391,0.77717745
16392,0.77717745
16393,0.77717745
16394,0.7814094
16395,0.77717745
16396,0.77717745
16397,0.77717745
16398,0.77717745
16399,0.77717745
16400,0.77717745
16401,0.77717745
16402,0.77717745
16403,0.77717745
16404,0.77717745
16405,0.77717745
16406,0.77717745
16407,0.77717745
16408,0.77717745
16409,0.77717745
16410,0.77717745
16411,0.7814094
16412,0.77717745
16413,0.77717745
16414,0.77717745
16415,0.77717745
16416,0.77717745
16417,0.77717745
16418,0.77717745
16419,0.77717745
16420,0.7814094
16421,0.77717745
16422,0.77717745
16423,0.77717745
16424,0.77717745
16425,0.77717745
16426,0.77717745
16427,0.77717745
16428,0.77717745
16429,0.77717745
16430,0.77717745
16431,0.7814094
16432,0.77717745
16433,0.77717745
16434,0.77717745
16435,0.77717745
16436,0.77717745
16437,0.77717745
16438,0.77717745
16439,0.77717745
16440,0.77717745
16441,0.77717745
16442,0.77717745
16443,0.7814094
16444,0.77717745
16445,0.77717745
16446,0.77717745
16447,0.77717745
16448,0.77717745
16449,0.77717745
16450,0.7814094
16451,0.77717745
16452,0.77717745
16453,0.77717745
16454,0.77717745
16455,0.7814094
16456,0.77717745
16457,0.77717745
16458,0.7814094
16459,0.77717745
16460,0.7814094
16461,0.77717745
16462,0.77717745
16463,0.77717745
16464,0.77717745
16465,0.77717745
16466,0.77717745
16467,0.77717745
16468,0.77717745
16469,0.7814094
16470,0.77717745
16471,0.77717745
16472,0.77717745
16473,0.77717745
16474,0.77717745
16475,0.77717745
16476,0.77717745
16477,0.77717745
16478,0.77717745
16479,0.77717745
16480,0.77717745
16481,0.77717745
16482,0.77717745
16483,0.7814094
16484,0.77717745
16485,0.77717745
16486,0.77717745
16487,0.77717745
16488,0.77717745
16489,0.77717745
16490,0.77717745
16491,0.7814094
16492,0.77717745
16493,0.77717745
16494,0.77717745
16495,0.77717745
16496,0.77717745
16497,0.77717745
16498,0.77717745
16499,0.77717745
16500,0.77717745
16501,0.77717745
16502,0.77717745
16503,0.7814094
16504,0.77717745
16505,0.77717745
16506,0.7814094
16507,0.77717745
16508,0.77717745
16509,0.77717745
16510,0.7868813
16511,0.77717745
16512,0.77717745
16513,0.77717745
16514,0.77717745
16515,0.77717745
16516,0.77717745
16517,0.77717745
16518,0.7814094
16519,0.77717745
16520,0.77717745
16521,0.77717745
16522,0.77717745
16523,0.77717745
16524,0.77717745
16525,0.77717745
16526,0.77717745
16527,0.77717745
16528,0.77717745
16529,0.77717745
16530,0.77717745
16531,0.77717745
16532,0.7814094
16533,0.7814094
16534,0.77717745
16535,0.77717745
16536,0.7814094
16537,0.77717745
16538,0.77717745
16539,0.77717745
16540,0.77717745
16541,0.77717745
16542,0.77717745
16543,0.77717745
16544,0.77717745
16545,0.77717745
16546,0.77717745
16547,0.77717745
16548,0.77717745
16549,0.77717745
16550,0.77717745
16551,0.77717745
16552,0.77717745
16553,0.77717745
16554,0.77717745
16555,0.77717745
16556,0.77717745
16557,0.77717745
16558,0.77717745
16559,0.7908043
16560,0.77717745
16561,0.77717745
16562,0.7814094
16563,0.77717745
16564,0.77717745
16565,0.77717745
16566,0.77717745
16567,0.77717745
16568,0.77717745
16569,0.77717745
16570,0.77717745
16571,0.77717745
16572,0.77717745
16573,0.77717745
16574,0.77717745
16575,0.77717745
16576,0.77717745
16577,0.77717745
16578,0.77717745
16579,0.77717745
16580,0.7814094
16581,0.77717745
16582,0.77717745
16583,0.77717745
16584,0.77717745
16585,0.7908043
16586,0.77717745
16587,0.77717745
16588,0.77717745
16589,0.77717745
16590,0.77717745
16591,0.77717745
16592,0.77717745
16593,0.77717745
16594,0.77717745
16595,0.77717745
16596,0.77717745
16597,0.7814094
16598,0.79140604
16599,0.77717745
16600,0.77717745
16601,0.77717745
16602,0.7814094
16603,0.77717745
16604,0.77717745
16605,0.77717745
16606,0.77717745
16607,0.77717745
16608,0.77717745
16609,0.77717745
16610,0.77717745
16611,0.77717745
16612,0.77717745
16613,0.7814094
16614,0.77717745
16615,0.77717745
16616,0.77717745
16617,0.77717745
16618,0.77717745
16619,0.77717745
16620,0.7814094
16621,0.7814094
16622,0.77717745
16623,0.77717745
16624,0.77717745
16625,0.77717745
16626,0.77717745
16627,0.77717745
16628,0.77717745
16629,0.77717745
16630,0.77717745
16631,0.77717745
16632,0.77717745
16633,0.77717745
16634,0.7814094
16635,0.7814094
16636,0.77717745
16637,0.77717745
16638,0.77717745
16639,0.77717745
16640,0.77717745
16641,0.7814094
16642,0.77717745
16643,0.7814094
16644,0.77717745
16645,0.77717745
16646,0.77717745
16647,0.7814094
16648,0.77717745
16649,0.77717745
16650,0.77717745
16651,0.77717745
16652,0.77717745
16653,0.77717745
16654,0.77717745
16655,0.77717745
16656,0.77717745
16657,0.77717745
16658,0.77717745
16659,0.77717745
16660,0.77717745
16661,0.77717745
16662,0.77717745
16663,0.77717745
16664,0.77717745
16665,0.77717745
16666,0.77717745
16667,0.77717745
16668,0.77717745
16669,0.77717745
16670,0.77717745
16671,0.7814094
16672,0.77717745
16673,0.77717745
16674,0.77717745
16675,0.77717745
16676,0.77717745
16677,0.77717745
16678,0.77717745
16679,0.77717745
16680,0.7814094
16681,0.77717745
16682,0.77717745
16683,0.77717745
16684,0.77717745
16685,0.77717745
16686,0.77717745
16687,0.77717745
16688,0.77717745
16689,0.77717745
16690,0.77717745
16691,0.77717745
16692,0.77717745
16693,0.77717745
16694,0.7814094
16695,0.7814094
16696,0.7814094
16697,0.77717745
16698,0.7814094
16699,0.77717745
16700,0.77717745
16701,0.77717745
16702,0.77717745
16703,0.7814094
16704,0.77717745
16705,0.77717745
16706,0.77717745
16707,0.77717745
16708,0.77717745
16709,0.7814094
16710,0.77717745
16711,0.77717745
16712,0.77717745
16713,0.77717745
16714,0.77717745
16715,0.77717745
16716,0.77717745
16717,0.7814094
16718,0.77717745
16719,0.77717745
16720,0.77717745
16721,0.77717745
16722,0.77717745
16723,0.77717745
16724,0.77717745
16725,0.7814094
16726,0.77717745
16727,0.77717745
16728,0.77717745
16729,0.77717745
16730,0.77717745
16731,0.77717745
16732,0.77717745
16733,0.77717745
16734,0.77717745
16735,0.77717745
16736,0.77717745
16737,0.77717745
16738,0.77717745
16739,0.77717745
16740,0.77717745
16741,0.77717745
16742,0.77717745
16743,0.77717745
16744,0.77717745
16745,0.77717745
16746,0.77717745
16747,0.77717745
16748,0.77717745
16749,0.77717745
16750,0.77717745
16751,0.77717745
16752,0.7814094
16753,0.77717745
16754,0.77717745
16755,0.77717745
16756,0.77717745
16757,0.7814094
16758,0.77717745
16759,0.77717745
16760,0.77717745
16761,0.77717745
16762,0.77717745
16763,0.77717745
16764,0.77717745
16765,0.77717745
16766,0.77717745
16767,0.77717745
16768,0.77717745
16769,0.77717745
16770,0.77717745
16771,0.77717745
16772,0.77717745
16773,0.77717745
16774,0.77717745
16775,0.77717745
16776,0.77717745
16777,0.77717745
16778,0.77717745
16779,0.77717745
16780,0.77717745
16781,0.77717745
16782,0.77717745
16783,0.77717745
16784,0.77717745
16785,0.77717745
16786,0.77717745
16787,0.77717745
16788,0.77717745
16789,0.77717745
16790,0.77717745
16791,0.7814094
16792,0.77717745
16793,0.77717745
16794,0.77717745
16795,0.77717745
16796,0.77717745
16797,0.77717745
16798,0.77717745
16799,0.7814094
16800,0.77717745
16801,0.77717745
16802,0.77717745
16803,0.77717745
16804,0.77717745
16805,0.7814094
16806,0.79140604
16807,0.77717745
16808,0.77717745
16809,0.77717745
16810,0.77717745
16811,0.77717745
16812,0.7814094
16813,0.77717745
16814,0.77717745
16815,0.77717745
16816,0.77717745
16817,0.77717745
16818,0.77717745
16819,0.77717745
16820,0.77717745
16821,0.77717745
16822,0.77717745
16823,0.77717745
16824,0.77717745
16825,0.77717745
16826,0.77717745
16827,0.7814094
16828,0.77717745
16829,0.77717745
16830,0.77717745
16831,0.77717745
16832,0.77717745
16833,0.77717745
16834,0.77717745
16835,0.77717745
16836,0.77717745
16837,0.77717745
16838,0.77717745
16839,0.77717745
16840,0.77717745
16841,0.77717745
16842,0.77717745
16843,0.77717745
16844,0.77717745
16845,0.77717745
16846,0.77717745
16847,0.77717745
16848,0.77717745
16849,0.77717745
16850,0.77717745
16851,0.77717745
16852,0.77717745
16853,0.77717745
16854,0.7814094
16855,0.77717745
16856,0.77717745
16857,0.7814094
16858,0.77717745
16859,0.77717745
16860,0.77717745
16861,0.77717745
16862,0.77717745
16863,0.77717745
16864,0.77717745
16865,0.7814094
16866,0.77717745
16867,0.77717745
16868,0.7814094
16869,0.77717745
16870,0.77717745
16871,0.77717745
16872,0.77717745
16873,0.77717745
16874,0.77717745
16875,0.77717745
16876,0.77717745
16877,0.77717745
16878,0.77717745
16879,0.77717745
16880,0.77717745
16881,0.77717745
16882,0.77717745
16883,0.77717745
16884,0.77717745
16885,0.77717745
16886,0.77717745
16887,0.77717745
16888,0.77717745
16889,0.77717745
16890,0.77717745
16891,0.77717745
16892,0.77717745
16893,0.77717745
16894,0.77717745
16895,0.77717745
16896,0.7814094
16897,0.77717745
16898,0.77717745
16899,0.7814094
16900,0.77717745
16901,0.77717745
16902,0.77717745
16903,0.77717745
16904,0.77717745
16905,0.7814094
16906,0.77717745
16907,0.77717745
16908,0.77717745
16909,0.77717745
16910,0.77717745
16911,0.77717745
16912,0.7814094
16913,0.77717745
16914,0.77717745
16915,0.77717745
16916,0.77717745
16917,0.77717745
16918,0.77717745
16919,0.77717745
16920,0.77717745
16921,0.77717745
16922,0.77717745
16923,0.77717745
16924,0.77717745
16925,0.77717745
16926,0.7814094
16927,0.77717745
16928,0.77717745
16929,0.77717745
16930,0.77717745
16931,0.77717745
16932,0.77717745
16933,0.7814094
16934,0.77717745
16935,0.77717745
16936,0.77717745
16937,0.77717745
16938,0.7814094
16939,0.77717745
16940,0.77717745
16941,0.77717745
16942,0.77717745
16943,0.77717745
16944,0.7814094
16945,0.77717745
16946,0.77717745
16947,0.77717745
16948,0.77717745
16949,0.77717745
16950,0.77717745
16951,0.77717745
16952,0.77717745
16953,0.77717745
16954,0.77717745
16955,0.77717745
16956,0.77717745
16957,0.77717745
16958,0.77717745
16959,0.77717745
16960,0.77717745
16961,0.77717745
16962,0.77717745
16963,0.77717745
16964,0.7814094
16965,0.77717745
16966,0.77717745
16967,0.77717745
16968,0.77717745
16969,0.77717745
16970,0.77717745
16971,0.77717745
16972,0.77717745
16973,0.77717745
16974,0.77717745
16975,0.77717745
16976,0.77717745
16977,0.7814094
16978,0.77717745
16979,0.77717745
16980,0.77717745
16981,0.77717745
16982,0.77717745
16983,0.77717745
16984,0.77717745
16985,0.7814094
16986,0.77717745
16987,0.77717745
16988,0.77717745
16989,0.77717745
16990,0.77717745
16991,0.77717745
16992,0.77717745
16993,0.7814094
16994,0.7814094
16995,0.77717745
16996,0.77717745
16997,0.77717745
16998,0.77717745
16999,0.77717745
17000,0.77717745
17001,0.77717745
17002,0.7814094
17003,0.77717745
17004,0.77717745
17005,0.77717745
17006,0.7814094
17007,0.7908043
17008,0.77717745
17009,0.7814094
17010,0.77717745
17011,0.77717745
17012,0.77717745
17013,0.77717745
17014,0.77717745
17015,0.77717745
17016,0.77717745
17017,0.77717745
17018,0.77717745
17019,0.77717745
17020,0.77717745
17021,0.77717745
17022,0.7814094
17023,0.77717745
17024,0.77717745
17025,0.77717745
17026,0.77717745
17027,0.77717745
17028,0.77717745
17029,0.77717745
17030,0.77717745
17031,0.77717745
17032,0.77717745
17033,0.77717745
17034,0.77717745
17035,0.77717745
17036,0.790131
17037,0.7814094
17038,0.77717745
17039,0.77717745
17040,0.7814094
17041,0.77717745
17042,0.77717745
17043,0.77717745
17044,0.7814094
17045,0.7814094
17046,0.77717745
17047,0.77717745
17048,0.77717745
17049,0.77717745
17050,0.77717745
17051,0.7814094
17052,0.77717745
17053,0.77717745
17054,0.77717745
17055,0.7814094
17056,0.77717745
17057,0.77717745
17058,0.77717745
17059,0.77717745
17060,0.77717745
17061,0.77717745
17062,0.7814094
17063,0.77717745
17064,0.77717745
17065,0.77717745
17066,0.7814094
17067,0.7814094
17068,0.77717745
17069,0.77717745
17070,0.77717745
17071,0.77717745
17072,0.7814094
17073,0.77717745
17074,0.77717745
17075,0.77717745
17076,0.77717745
17077,0.77717745
17078,0.790131
17079,0.77717745
17080,0.77717745
17081,0.77717745
17082,0.77717745
17083,0.77717745
17084,0.7814094
17085,0.77717745
17086,0.77717745
17087,0.77717745
17088,0.77717745
17089,0.77717745
17090,0.77717745
17091,0.7901321
17092,0.77717745
17093,0.77717745
17094,0.7814094
17095,0.77717745
17096,0.77717745
17097,0.77717745
17098,0.77717745
17099,0.77717745
17100,0.77717745
17101,0.77717745
17102,0.77717745
17103,0.77717745
17104,0.7814094
17105,0.77717745
17106,0.77717745
17107,0.77717745
17108,0.77717745
17109,0.7814094
17110,0.77717745
17111,0.790131
17112,0.77717745
17113,0.77717745
17114,0.7814094
17115,0.77717745
17116,0.77717745
17117,0.77717745
17118,0.77717745
17119,0.77717745
17120,0.7814094
17121,0.77717745
17122,0.77717745
17123,0.77717745
17124,0.77717745
17125,0.77717745
17126,0.77717745
17127,0.77717745
17128,0.7814094
17129,0.7908043
17130,0.77717745
17131,0.77717745
17132,0.7814094
17133,0.77717745
17134,0.77717745
17135,0.7814094
17136,0.77717745
17137,0.77717745
17138,0.77717745
17139,0.77717745
17140,0.77717745
17141,0.77717745
17142,0.77717745
17143,0.77717745
17144,0.77717745
17145,0.77717745
17146,0.77717745
17147,0.77717745
17148,0.7814094
17149,0.77717745
17150,0.77717745
17151,0.77717745
17152,0.77717745
17153,0.77717745
17154,0.77717745
17155,0.77717745
17156,0.7814094
17157,0.77717745
17158,0.7814094
17159,0.77717745
17160,0.77717745
17161,0.77717745
17162,0.77717745
17163,0.7814094
17164,0.77717745
17165,0.77717745
17166,0.77717745
17167,0.77717745
17168,0.77717745
17169,0.77717745
17170,0.77717745
17171,0.77717745
17172,0.77717745
17173,0.7814094
17174,0.77717745
17175,0.77717745
17176,0.77717745
17177,0.77717745
17178,0.7814094
17179,0.77717745
17180,0.77717745
17181,0.77717745
17182,0.77717745
17183,0.77717745
17184,0.77717745
17185,0.7814094
17186,0.77717745
17187,0.77717745
17188,0.7814094
17189,0.790131
17190,0.77717745
17191,0.77717745
17192,0.77717745
17193,0.7814094
17194,0.77717745
17195,0.77717745
17196,0.787234
17197,0.77717745
17198,0.77717745
17199,0.77717745
17200,0.7814094
17201,0.77717745
17202,0.77717745
17203,0.77717745
17204,0.7814094
17205,0.77717745
17206,0.77717745
17207,0.77717745
17208,0.77717745
17209,0.7814094
17210,0.77717745
17211,0.7814094
17212,0.77717745
17213,0.77717745
17214,0.77717745
17215,0.7814094
17216,0.77717745
17217,0.7814094
17218,0.77717745
17219,0.77717745
17220,0.77717745
17221,0.77717745
17222,0.77717745
17223,0.77717745
17224,0.77717745
17225,0.77717745
17226,0.77717745
17227,0.77717745
17228,0.77717745
17229,0.77717745
17230,0.77717745
17231,0.77717745
17232,0.77717745
17233,0.77717745
17234,0.7814094
17235,0.77717745
17236,0.77717745
17237,0.77717745
17238,0.77717745
17239,0.77717745
17240,0.77717745
17241,0.77717745
17242,0.77717745
17243,0.77717745
17244,0.77717745
17245,0.77717745
17246,0.77717745
17247,0.77717745
17248,0.77717745
17249,0.787234
17250,0.7814094
17251,0.77717745
17252,0.77717745
17253,0.77717745
17254,0.77717745
17255,0.77717745
17256,0.77717745
17257,0.77717745
17258,0.77717745
17259,0.77717745
17260,0.7814094
17261,0.77717745
17262,0.77717745
17263,0.77717745
17264,0.77717745
17265,0.77717745
17266,0.77717745
17267,0.77717745
17268,0.77717745
17269,0.77717745
17270,0.7814094
17271,0.77717745
17272,0.77717745
17273,0.77717745
17274,0.77717745
17275,0.77717745
17276,0.77717745
17277,0.77717745
17278,0.77717745
17279,0.77717745
17280,0.77717745
17281,0.77717745
17282,0.77717745
17283,0.77717745
17284,0.77717745
17285,0.77717745
17286,0.77717745
17287,0.77717745
17288,0.77717745
17289,0.7908043
17290,0.77717745
17291,0.77717745
17292,0.77717745
17293,0.77717745
17294,0.787234
17295,0.77717745
17296,0.77717745
17297,0.77717745
17298,0.7814094
17299,0.77717745
17300,0.77717745
17301,0.77717745
17302,0.77717745
17303,0.7814094
17304,0.7814094
17305,0.7814094
17306,0.77717745
17307,0.77717745
17308,0.77717745
17309,0.77717745
17310,0.77717745
17311,0.77717745
17312,0.7814094
17313,0.7814094
17314,0.77717745
17315,0.77717745
17316,0.77717745
17317,0.77717745
17318,0.77717745
17319,0.77717745
17320,0.77717745
17321,0.77717745
17322,0.77717745
17323,0.77717745
17324,0.7814094
17325,0.77717745
17326,0.77717745
17327,0.77717745
17328,0.77717745
17329,0.7814094
17330,0.77717745
17331,0.77717745
17332,0.7814094
17333,0.77717745
17334,0.77717745
17335,0.7814094
17336,0.77717745
17337,0.77717745
17338,0.77717745
17339,0.77717745
17340,0.77717745
17341,0.77717745
17342,0.77717745
17343,0.77717745
17344,0.77717745
17345,0.77717745
17346,0.7814094
17347,0.77717745
17348,0.77717745
17349,0.77717745
17350,0.77717745
17351,0.77717745
17352,0.77717745
17353,0.7814094
17354,0.77717745
17355,0.77717745
17356,0.77717745
17357,0.77717745
17358,0.77717745
17359,0.77717745
17360,0.77717745
17361,0.7814094
17362,0.77717745
17363,0.77717745
17364,0.77717745
17365,0.77717745
17366,0.77717745
17367,0.77717745
17368,0.77717745
17369,0.77717745
17370,0.77717745
17371,0.77717745
17372,0.7814094
17373,0.7814094
17374,0.77717745
17375,0.77717745
17376,0.7814094
17377,0.77717745
17378,0.77717745
17379,0.77717745
17380,0.77717745
17381,0.77717745
17382,0.77717745
17383,0.77717745
17384,0.77717745
17385,0.77717745
17386,0.7814094
17387,0.77717745
17388,0.77717745
17389,0.77717745
17390,0.77717745
17391,0.77717745
17392,0.77717745
17393,0.77717745
17394,0.77717745
17395,0.77717745
17396,0.77717745
17397,0.77717745
17398,0.77717745
17399,0.77717745
17400,0.77717745
17401,0.7814094
17402,0.77717745
17403,0.77717745
17404,0.77717745
17405,0.77717745
17406,0.77717745
17407,0.77717745
17408,0.77717745
17409,0.77717745
17410,0.77717745
17411,0.77717745
17412,0.77717745
17413,0.77717745
17414,0.77717745
17415,0.77717745
17416,0.77717745
17417,0.7814094
17418,0.77717745
17419,0.77717745
17420,0.7814094
17421,0.77717745
17422,0.77717745
17423,0.77717745
17424,0.77717745
17425,0.77717745
17426,0.77717745
17427,0.79140604
17428,0.77717745
17429,0.77717745
17430,0.77717745
17431,0.77717745
17432,0.77717745
17433,0.77717745
17434,0.77717745
17435,0.77717745
17436,0.7814094
17437,0.77717745
17438,0.77717745
17439,0.7814094
17440,0.77717745
17441,0.7814094
17442,0.77717745
17443,0.77717745
17444,0.77717745
17445,0.77717745
17446,0.77717745
17447,0.77717745
17448,0.77717745
17449,0.7814094
17450,0.77717745
17451,0.77717745
17452,0.77717745
17453,0.77717745
17454,0.77717745
17455,0.787234
17456,0.77717745
17457,0.77717745
17458,0.77717745
17459,0.77717745
17460,0.77717745
17461,0.77717745
17462,0.77717745
17463,0.77717745
17464,0.77717745
17465,0.77717745
17466,0.7908043
17467,0.77717745
17468,0.77717745
17469,0.77717745
17470,0.77717745
17471,0.77717745
17472,0.7908043
17473,0.77717745
17474,0.77717745
17475,0.7814094
17476,0.77717745
17477,0.77717745
17478,0.77717745
17479,0.77717745
17480,0.7814094
17481,0.77717745
17482,0.7814094
17483,0.77717745
17484,0.77717745
17485,0.77717745
17486,0.77717745
17487,0.77717745
17488,0.77717745
17489,0.77717745
17490,0.7814094
17491,0.77717745
17492,0.77717745
17493,0.77717745
17494,0.77717745
17495,0.77717745
17496,0.77717745
17497,0.77717745
17498,0.77717745
17499,0.77717745
17500,0.77717745
17501,0.77717745
17502,0.77717745
17503,0.77717745
17504,0.77717745
17505,0.77717745
17506,0.77717745
17507,0.77717745
17508,0.77717745
17509,0.77717745
17510,0.77717745
17511,0.77717745
17512,0.7814094
17513,0.77717745
17514,0.77717745
17515,0.77717745
17516,0.7814094
17517,0.77717745
17518,0.790131
17519,0.77717745
17520,0.77717745
17521,0.77717745
17522,0.77717745
17523,0.77717745
17524,0.77717745
17525,0.77717745
17526,0.77717745
17527,0.77717745
17528,0.77717745
17529,0.77717745
17530,0.77717745
17531,0.77717745
17532,0.77717745
17533,0.77717745
17534,0.7814094
17535,0.77717745
17536,0.77717745
17537,0.77717745
17538,0.77717745
17539,0.77717745
17540,0.77717745
17541,0.77717745
17542,0.77717745
17543,0.77717745
17544,0.77717745
17545,0.77717745
17546,0.77717745
17547,0.77717745
17548,0.77717745
17549,0.77717745
17550,0.7814094
17551,0.77717745
17552,0.77717745
17553,0.77717745
17554,0.77717745
17555,0.77717745
17556,0.77717745
17557,0.77717745
17558,0.77717745
17559,0.77717745
17560,0.77717745
17561,0.77717745
17562,0.77717745
17563,0.77717745
17564,0.77717745
17565,0.77717745
17566,0.77717745
17567,0.7814094
17568,0.77717745
17569,0.77717745
17570,0.77717745
17571,0.77717745
17572,0.77717745
17573,0.77717745
17574,0.77717745
17575,0.77717745
17576,0.77717745
17577,0.77717745
17578,0.77717745
17579,0.77717745
17580,0.7814094
17581,0.77717745
17582,0.77717745
17583,0.7814094
17584,0.77717745
17585,0.77717745
17586,0.77717745
17587,0.77717745
17588,0.77717745
17589,0.77717745
17590,0.77717745
17591,0.77717745
17592,0.77717745
17593,0.77717745
17594,0.77717745
17595,0.7814094
17596,0.77717745
17597,0.77717745
17598,0.77717745
17599,0.77717745
17600,0.79140604
17601,0.77717745
17602,0.77717745
17603,0.77717745
17604,0.77717745
17605,0.77717745
17606,0.77717745
17607,0.77717745
17608,0.77717745
17609,0.77717745
17610,0.77717745
17611,0.77717745
17612,0.7814094
17613,0.77717745
17614,0.77717745
17615,0.77717745
17616,0.77717745
17617,0.77717745
17618,0.77717745
17619,0.7903534
17620,0.77717745
17621,0.77717745
17622,0.77717745
17623,0.77717745
17624,0.77717745
17625,0.77717745
17626,0.7814094
17627,0.77717745
17628,0.7814094
17629,0.77717745
17630,0.77717745
17631,0.77717745
17632,0.7814094
17633,0.77717745
17634,0.77717745
17635,0.77717745
17636,0.77717745
17637,0.7814094
17638,0.77717745
17639,0.77717745
17640,0.77717745
17641,0.77717745
17642,0.77717745
17643,0.77717745
17644,0.77717745
17645,0.7908043
17646,0.77717745
17647,0.77717745
17648,0.77717745
17649,0.77717745
17650,0.7814094
17651,0.7814094
17652,0.7814094
17653,0.77717745
17654,0.77717745
17655,0.7814094
17656,0.7814094
17657,0.77717745
17658,0.77717745
17659,0.77717745
17660,0.77717745
17661,0.7814094
17662,0.77717745
17663,0.77717745
17664,0.79140604
17665,0.77717745
17666,0.77717745
17667,0.77717745
17668,0.77717745
17669,0.77717745
17670,0.77717745
17671,0.77717745
17672,0.77717745
17673,0.77717745
17674,0.77717745
17675,0.77717745
17676,0.77717745
17677,0.77717745
17678,0.77717745
17679,0.77717745
17680,0.77717745
17681,0.7814094
17682,0.79140604
17683,0.77717745
17684,0.77717745
17685,0.77717745
17686,0.77717745
17687,0.77717745
17688,0.77717745
17689,0.77717745
17690,0.77717745
17691,0.77717745
17692,0.77717745
17693,0.77717745
17694,0.77717745
17695,0.77717745
17696,0.77717745
17697,0.77717745
17698,0.77717745
17699,0.77717745
17700,0.77717745
17701,0.77717745
17702,0.77717745
17703,0.7814094
17704,0.7814094
17705,0.77717745
17706,0.77717745
17707,0.77717745
17708,0.77717745
17709,0.77717745
17710,0.77717745
17711,0.77717745
17712,0.7814094
17713,0.77717745
17714,0.77717745
17715,0.77717745
17716,0.77717745
17717,0.77717745
17718,0.77717745
17719,0.77717745
17720,0.77717745
17721,0.77717745
17722,0.77717745
17723,0.77717745
17724,0.7814094
17725,0.77717745
17726,0.77717745
17727,0.77717745
17728,0.77717745
17729,0.77717745
17730,0.7814094
17731,0.77717745
17732,0.7814094
17733,0.787234
17734,0.77717745
17735,0.7814094
17736,0.7814094
17737,0.77717745
17738,0.77717745
17739,0.7908043
17740,0.77717745
17741,0.7814094
17742,0.77717745
17743,0.77717745
17744,0.77717745
17745,0.77717745
17746,0.77717745
17747,0.77717745
17748,0.77717745
17749,0.77717745
17750,0.77717745
17751,0.77717745
17752,0.77717745
17753,0.77717745
17754,0.77717745
17755,0.79140604
17756,0.77717745
17757,0.77717745
17758,0.77717745
17759,0.77717745
17760,0.77717745
17761,0.77717745
17762,0.77717745
17763,0.77717745
17764,0.77717745
17765,0.77717745
17766,0.77717745
17767,0.77717745
17768,0.77717745
17769,0.77717745
17770,0.77717745
17771,0.77717745
17772,0.77717745
17773,0.77717745
17774,0.77717745
17775,0.77717745
17776,0.77717745
17777,0.77717745
17778,0.77717745
17779,0.77717745
17780,0.77717745
17781,0.7814094
17782,0.77717745
17783,0.7814094
17784,0.77717745
17785,0.77717745
17786,0.77717745
17787,0.77717745
17788,0.77717745
17789,0.77717745
17790,0.77717745
17791,0.77717745
17792,0.77717745
17793,0.77717745
17794,0.7814094
17795,0.77717745
17796,0.77717745
17797,0.77717745
17798,0.77717745
17799,0.77717745
17800,0.77717745
17801,0.77717745
17802,0.77717745
17803,0.77717745
17804,0.77717745
17805,0.77717745
17806,0.77717745
17807,0.77717745
17808,0.77717745
17809,0.77717745
17810,0.77717745
17811,0.77717745
17812,0.77717745
17813,0.77717745
17814,0.77717745
17815,0.77717745
17816,0.77717745
17817,0.77717745
17818,0.77717745
17819,0.77717745
17820,0.77717745
17821,0.77717745
17822,0.7814094
17823,0.77717745
17824,0.77717745
17825,0.77717745
17826,0.77717745
17827,0.77717745
17828,0.7908043
17829,0.77717745
17830,0.77717745
17831,0.77717745
17832,0.77717745
17833,0.77717745
17834,0.77717745
17835,0.77717745
17836,0.77717745
17837,0.77717745
17838,0.77717745
17839,0.77717745
17840,0.77717745
17841,0.77717745
17842,0.77717745
17843,0.77717745
17844,0.77717745
17845,0.77717745
17846,0.77717745
17847,0.77717745
17848,0.77717745
17849,0.77717745
17850,0.77717745
17851,0.77717745
17852,0.77717745
17853,0.7814094
17854,0.77717745
17855,0.77717745
17856,0.77717745
17857,0.7814094
17858,0.7814094
17859,0.77717745
17860,0.77717745
17861,0.77717745
17862,0.77717745
17863,0.77717745
17864,0.77717745
17865,0.77717745
17866,0.7814094
17867,0.77717745
17868,0.77717745
17869,0.77717745
17870,0.77717745
17871,0.77717745
17872,0.77717745
17873,0.77717745
17874,0.77717745
17875,0.77717745
17876,0.77717745
17877,0.77717745
17878,0.77717745
17879,0.77717745
17880,0.77717745
17881,0.77717745
17882,0.77717745
17883,0.77717745
17884,0.77717745
17885,0.77717745
17886,0.77717745
17887,0.77717745
17888,0.77717745
17889,0.77717745
17890,0.7814094
17891,0.77717745
17892,0.77717745
17893,0.7814094
17894,0.77717745
17895,0.77717745
17896,0.77717745
17897,0.77717745
17898,0.77717745
17899,0.77717745
17900,0.77717745
17901,0.77717745
17902,0.77717745
17903,0.77717745
17904,0.77717745
17905,0.77717745
17906,0.77717745
17907,0.77717745
17908,0.7814094
17909,0.77717745
17910,0.77717745
17911,0.77717745
17912,0.77717745
17913,0.77717745
17914,0.7814094
17915,0.77717745
17916,0.77717745
17917,0.77717745
17918,0.77717745
17919,0.77717745
17920,0.77717745
17921,0.77717745
17922,0.77717745
17923,0.77717745
17924,0.77717745
17925,0.77717745
17926,0.77717745
17927,0.77717745
17928,0.77717745
17929,0.7814094
17930,0.77717745
17931,0.77717745
17932,0.77717745
17933,0.77717745
17934,0.77717745
17935,0.77717745
17936,0.77717745
17937,0.77717745
17938,0.77717745
17939,0.77717745
17940,0.77717745
17941,0.77717745
17942,0.77717745
17943,0.77717745
17944,0.77717745
17945,0.77717745
17946,0.77717745
17947,0.77717745
17948,0.77717745
17949,0.77717745
17950,0.77717745
17951,0.77717745
17952,0.77717745
17953,0.77717745
17954,0.77717745
17955,0.7814094
17956,0.77717745
17957,0.77717745
17958,0.77717745
17959,0.77717745
17960,0.77717745
17961,0.77717745
17962,0.77717745
17963,0.77717745
17964,0.77717745
17965,0.77717745
17966,0.77717745
17967,0.77717745
17968,0.77717745
17969,0.77717745
17970,0.77717745
17971,0.77717745
17972,0.77717745
17973,0.77717745
17974,0.77717745
17975,0.7814094
17976,0.77717745
17977,0.77717745
17978,0.77717745
17979,0.77717745
17980,0.77717745
17981,0.77717745
17982,0.77717745
17983,0.77717745
17984,0.77717745
17985,0.77717745
17986,0.77717745
17987,0.77717745
17988,0.77717745
17989,0.77717745
17990,0.77717745
17991,0.77717745
17992,0.77717745
17993,0.77717745
17994,0.77717745
17995,0.77717745
17996,0.77717745
17997,0.77717745
17998,0.77717745
17999,0.77717745
18000,0.77717745
18001,0.77717745
18002,0.77717745
18003,0.77717745
18004,0.77717745
18005,0.77717745
18006,0.77717745
18007,0.77717745
18008,0.77717745
18009,0.77717745
18010,0.77717745
18011,0.77717745
18012,0.77717745
18013,0.7814094
18014,0.77717745
18015,0.77717745
18016,0.77717745
18017,0.77717745
18018,0.7814094
18019,0.77717745
18020,0.77717745
18021,0.77717745
18022,0.77717745
18023,0.77717745
18024,0.77717745
18025,0.77717745
18026,0.77717745
18027,0.77717745
18028,0.77717745
18029,0.77717745
18030,0.77717745
18031,0.77717745
18032,0.7814094
18033,0.77717745
18034,0.77717745
18035,0.77717745
18036,0.77717745
18037,0.77717745
18038,0.77717745
18039,0.7814094
18040,0.7814094
18041,0.77717745
18042,0.77717745
18043,0.77717745
18044,0.77717745
18045,0.77717745
18046,0.77717745
18047,0.77717745
18048,0.77717745
18049,0.77717745
18050,0.77717745
18051,0.77717745
18052,0.77717745
18053,0.77717745
18054,0.77717745
18055,0.77717745
18056,0.77717745
18057,0.77717745
18058,0.7814094
18059,0.77717745
18060,0.77717745
18061,0.77717745
18062,0.77717745
18063,0.77717745
18064,0.7908043
18065,0.77717745
18066,0.77717745
18067,0.77717745
18068,0.77717745
18069,0.77717745
18070,0.77717745
18071,0.77717745
18072,0.77717745
18073,0.77717745
18074,0.77717745
18075,0.77717745
18076,0.77717745
18077,0.77717745
18078,0.7908043
18079,0.77717745
18080,0.77717745
18081,0.77717745
18082,0.77717745
18083,0.7814094
18084,0.77717745
18085,0.77717745
18086,0.77717745
18087,0.77717745
18088,0.77717745
18089,0.7814094
18090,0.77717745
18091,0.77717745
18092,0.77717745
18093,0.77717745
18094,0.77717745
18095,0.77717745
18096,0.77717745
18097,0.77717745
18098,0.77717745
18099,0.77717745
18100,0.77717745
18101,0.77717745
18102,0.7814094
18103,0.77717745
18104,0.77717745
18105,0.77717745
18106,0.77717745
18107,0.77717745
18108,0.77717745
18109,0.77717745
18110,0.77717745
18111,0.77717745
18112,0.77717745
18113,0.77717745
18114,0.77717745
18115,0.77717745
18116,0.77717745
18117,0.7814094
18118,0.77717745
18119,0.77717745
18120,0.77717745
18121,0.77717745
18122,0.77717745
18123,0.77717745
18124,0.77717745
18125,0.77717745
18126,0.77717745
18127,0.77717745
18128,0.77717745
18129,0.77717745
18130,0.7814094
18131,0.77717745
18132,0.77717745
18133,0.77717745
18134,0.77717745
18135,0.77717745
18136,0.77717745
18137,0.77717745
18138,0.77717745
18139,0.77717745
18140,0.77717745
18141,0.77717745
18142,0.77717745
18143,0.77717745
18144,0.77717745
18145,0.77717745
18146,0.77717745
18147,0.77717745
18148,0.77717745
18149,0.77717745
18150,0.77717745
18151,0.77717745
18152,0.77717745
18153,0.77717745
18154,0.7908043
18155,0.77717745
18156,0.77717745
18157,0.77717745
18158,0.77717745
18159,0.77717745
18160,0.77717745
18161,0.77717745
18162,0.7814094
18163,0.77717745
18164,0.7814094
18165,0.77717745
18166,0.77717745
18167,0.77717745
18168,0.77717745
18169,0.77717745
18170,0.77717745
18171,0.77717745
18172,0.77717745
18173,0.77717745
18174,0.77717745
18175,0.7814094
18176,0.77717745
18177,0.77717745
18178,0.77717745
18179,0.77717745
18180,0.77717745
18181,0.77717745
18182,0.77717745
18183,0.77717745
18184,0.77717745
18185,0.77717745
18186,0.77717745
18187,0.77717745
18188,0.7814094
18189,0.77717745
18190,0.77717745
18191,0.7814094
18192,0.77717745
18193,0.77717745
18194,0.77717745
18195,0.77717745
18196,0.77717745
18197,0.77717745
18198,0.7814094
18199,0.77717745
18200,0.77717745
18201,0.77717745
18202,0.7814094
18203,0.77717745
18204,0.77717745
18205,0.77717745
18206,0.77717745
18207,0.77717745
18208,0.77717745
18209,0.77717745
18210,0.77717745
18211,0.77717745
18212,0.77717745
18213,0.77717745
18214,0.77717745
18215,0.77717745
18216,0.7814094
18217,0.77717745
18218,0.77717745
18219,0.77717745
18220,0.77717745
18221,0.77717745
18222,0.77717745
18223,0.77717745
18224,0.77717745
18225,0.77717745
18226,0.77717745
18227,0.77717745
18228,0.77717745
18229,0.77717745
18230,0.77717745
18231,0.77717745
18232,0.77717745
18233,0.77717745
18234,0.77717745
18235,0.77717745
18236,0.77717745
18237,0.77717745
18238,0.77717745
18239,0.77717745
18240,0.77717745
18241,0.77717745
18242,0.77717745
18243,0.77717745
18244,0.77717745
18245,0.77717745
18246,0.7908043
18247,0.77717745
18248,0.77717745
18249,0.77717745
18250,0.787234
18251,0.77717745
18252,0.77717745
18253,0.77717745
18254,0.77717745
18255,0.77717745
18256,0.7814094
18257,0.787234
18258,0.77717745
18259,0.7814094
18260,0.7814094
18261,0.77717745
18262,0.77717745
18263,0.77717745
18264,0.77717745
18265,0.77717745
18266,0.77717745
18267,0.77717745
18268,0.77717745
18269,0.77717745
18270,0.77717745
18271,0.77717745
18272,0.7814094
18273,0.77717745
18274,0.77717745
18275,0.7814094
18276,0.77717745
18277,0.77717745
18278,0.77717745
18279,0.77717745
18280,0.79140604
18281,0.77717745
18282,0.77717745
18283,0.77717745
18284,0.7814094
18285,0.77717745
18286,0.77717745
18287,0.77717745
18288,0.77717745
18289,0.7814094
18290,0.77717745
18291,0.77717745
18292,0.77717745
18293,0.77717745
18294,0.77717745
18295,0.77717745
18296,0.77717745
18297,0.77717745
18298,0.77717745
18299,0.77717745
18300,0.77717745
18301,0.77717745
18302,0.77717745
18303,0.77717745
18304,0.77717745
18305,0.7814094
18306,0.77717745
18307,0.7814094
18308,0.77717745
18309,0.77717745
18310,0.7814094
18311,0.7814094
18312,0.77717745
18313,0.77717745
18314,0.77717745
18315,0.77717745
18316,0.77717745
18317,0.77717745
18318,0.77717745
18319,0.77717745
18320,0.77717745
18321,0.77717745
18322,0.7814094
18323,0.77717745
18324,0.77717745
18325,0.77717745
18326,0.77717745
18327,0.77717745
18328,0.787234
18329,0.77717745
18330,0.77717745
18331,0.77717745
18332,0.77717745
18333,0.77717745
18334,0.77717745
18335,0.77717745
18336,0.77717745
18337,0.77717745
18338,0.77717745
18339,0.77717745
18340,0.77717745
18341,0.77717745
18342,0.77717745
18343,0.77717745
18344,0.77717745
18345,0.77717745
18346,0.77717745
18347,0.77717745
18348,0.7814094
18349,0.77717745
18350,0.77717745
18351,0.77717745
18352,0.77717745
18353,0.77717745
18354,0.77717745
18355,0.77717745
18356,0.7814094
18357,0.77717745
18358,0.77717745
18359,0.77717745
18360,0.77717745
18361,0.77717745
18362,0.77717745
18363,0.77717745
18364,0.77717745
18365,0.77717745
18366,0.77717745
18367,0.77717745
18368,0.77717745
18369,0.7814094
18370,0.77717745
18371,0.7814094
18372,0.77717745
18373,0.77717745
18374,0.77717745
18375,0.77717745
18376,0.77717745
18377,0.77717745
18378,0.77717745
18379,0.7814094
18380,0.77717745
18381,0.77717745
18382,0.7814094
18383,0.77717745
18384,0.7814094
18385,0.7814094
18386,0.77717745
18387,0.7814094
18388,0.77717745
18389,0.77717745
18390,0.77717745
18391,0.77717745
18392,0.77717745
18393,0.77717745
18394,0.77717745
18395,0.77717745
18396,0.77717745
18397,0.77717745
18398,0.77717745
18399,0.77717745
18400,0.77717745
18401,0.77717745
18402,0.77717745
18403,0.77717745
18404,0.7814094
18405,0.77717745
18406,0.77717745
18407,0.7814094
18408,0.77717745
18409,0.77717745
18410,0.77717745
18411,0.77717745
18412,0.77717745
18413,0.77717745
18414,0.7908043
18415,0.77717745
18416,0.7814094
18417,0.77717745
18418,0.787234
18419,0.77717745
18420,0.7908043
18421,0.77717745
18422,0.77717745
18423,0.77717745
18424,0.77717745
18425,0.77717745
18426,0.77717745
18427,0.77717745
18428,0.77717745
18429,0.77717745
18430,0.77717745
18431,0.77717745
18432,0.77717745
18433,0.77717745
18434,0.77717745
18435,0.77717745
18436,0.77717745
18437,0.77717745
18438,0.77717745
18439,0.7814094
18440,0.77717745
18441,0.77717745
18442,0.77717745
18443,0.77717745
18444,0.790131
18445,0.77717745
18446,0.77717745
18447,0.77717745
18448,0.77717745
18449,0.77717745
18450,0.77717745
18451,0.77717745
18452,0.77717745
18453,0.77717745
18454,0.7814094
18455,0.77717745
18456,0.77717745
18457,0.77717745
18458,0.77717745
18459,0.77717745
18460,0.77717745
18461,0.77717745
18462,0.77717745
18463,0.77717745
18464,0.77717745
18465,0.77717745
18466,0.77717745
18467,0.77717745
18468,0.77717745
18469,0.77717745
18470,0.77717745
18471,0.77717745
18472,0.77717745
18473,0.77717745
18474,0.77717745
18475,0.77717745
18476,0.77717745
18477,0.77717745
18478,0.77717745
18479,0.77717745
18480,0.7814094
18481,0.77717745
18482,0.77717745
18483,0.77717745
18484,0.77717745
18485,0.77717745
18486,0.77717745
18487,0.7814094
18488,0.77717745
18489,0.77717745
18490,0.77717745
18491,0.77717745
18492,0.77717745
18493,0.7814094
18494,0.77717745
18495,0.77717745
18496,0.77717745
18497,0.77717745
18498,0.77717745
18499,0.77717745
18500,0.77717745
18501,0.77717745
18502,0.77717745
18503,0.77717745
18504,0.7814094
18505,0.7814094
18506,0.77717745
18507,0.77717745
18508,0.790131
18509,0.77717745
18510,0.77717745
18511,0.77717745
18512,0.77717745
18513,0.77717745
18514,0.77717745
18515,0.77717745
18516,0.77717745
18517,0.77717745
18518,0.7814094
18519,0.7814094
18520,0.77717745
18521,0.7814094
18522,0.77717745
18523,0.77717745
18524,0.77717745
18525,0.77717745
18526,0.77717745
18527,0.77717745
18528,0.77717745
18529,0.77717745
18530,0.77717745
18531,0.77717745
18532,0.77717745
18533,0.77717745
18534,0.77717745
18535,0.77717745
18536,0.77717745
18537,0.77717745
18538,0.77717745
18539,0.77717745
18540,0.787234
18541,0.77717745
18542,0.77717745
18543,0.77717745
18544,0.77717745
18545,0.77717745
18546,0.77717745
18547,0.77717745
18548,0.77717745
18549,0.787234
18550,0.77717745
18551,0.77717745
18552,0.77717745
18553,0.77717745
18554,0.77717745
18555,0.77717745
18556,0.77717745
18557,0.77717745
18558,0.77717745
18559,0.77717745
18560,0.77717745
18561,0.77717745
18562,0.77717745
18563,0.77717745
18564,0.77717745
18565,0.77717745
18566,0.77717745
18567,0.77717745
18568,0.77717745
18569,0.77717745
18570,0.7814094
18571,0.77717745
18572,0.77717745
18573,0.77717745
18574,0.77717745
18575,0.77717745
18576,0.77717745
18577,0.77717745
18578,0.77717745
18579,0.77717745
18580,0.77717745
18581,0.77717745
18582,0.77717745
18583,0.77717745
18584,0.77717745
18585,0.77717745
18586,0.77717745
18587,0.77717745
18588,0.77717745
18589,0.77717745
18590,0.77717745
18591,0.77717745
18592,0.77717745
18593,0.77717745
18594,0.77717745
18595,0.77717745
18596,0.77717745
18597,0.77717745
18598,0.77717745
18599,0.77717745
18600,0.77717745
18601,0.77717745
18602,0.77717745
18603,0.7814094
18604,0.77717745
18605,0.77717745
18606,0.77717745
18607,0.77717745
18608,0.77717745
18609,0.77717745
18610,0.77717745
18611,0.77717745
18612,0.77717745
18613,0.7814094
18614,0.77717745
18615,0.77717745
18616,0.77717745
18617,0.77717745
18618,0.77717745
18619,0.77717745
18620,0.77717745
18621,0.77717745
18622,0.77717745
18623,0.77717745
18624,0.77717745
18625,0.77717745
18626,0.77717745
18627,0.7814094
18628,0.77717745
18629,0.77717745
18630,0.77717745
18631,0.77717745
18632,0.77717745
18633,0.77717745
18634,0.77717745
18635,0.77717745
18636,0.77717745
18637,0.7814094
18638,0.77717745
18639,0.7814094
18640,0.77717745
18641,0.77717745
18642,0.77717745
18643,0.77717745
18644,0.7814094
18645,0.77717745
18646,0.77717745
18647,0.77717745
18648,0.77717745
18649,0.77717745
18650,0.77717745
18651,0.77717745
18652,0.7814094
18653,0.77717745
18654,0.77717745
18655,0.77717745
18656,0.77717745
18657,0.77717745
18658,0.77717745
18659,0.77717745
18660,0.7814094
18661,0.77717745
18662,0.77717745
18663,0.77717745
18664,0.77717745
18665,0.77717745
18666,0.77717745
18667,0.77717745
18668,0.77717745
18669,0.77717745
18670,0.77717745
18671,0.77717745
18672,0.77717745
18673,0.77717745
18674,0.77717745
18675,0.7814094
18676,0.77717745
18677,0.77717745
18678,0.77717745
18679,0.77717745
18680,0.77717745
18681,0.77717745
18682,0.77717745
18683,0.77717745
18684,0.77717745
18685,0.77717745
18686,0.77717745
18687,0.77717745
18688,0.77717745
18689,0.77717745
18690,0.7814094
18691,0.77717745
18692,0.79140604
18693,0.77717745
18694,0.77717745
18695,0.77717745
18696,0.77717745
18697,0.77717745
18698,0.77717745
18699,0.77717745
18700,0.77717745
18701,0.77717745
18702,0.77717745
18703,0.7814094
18704,0.77717745
18705,0.77717745
18706,0.77717745
18707,0.77717745
18708,0.77717745
18709,0.77717745
18710,0.77717745
18711,0.79140604
18712,0.77717745
18713,0.77717745
18714,0.77717745
18715,0.77717745
18716,0.77717745
18717,0.77717745
18718,0.77717745
18719,0.7814094
18720,0.77717745
18721,0.77717745
18722,0.77717745
18723,0.7814094
18724,0.77717745
18725,0.77717745
18726,0.77717745
18727,0.77717745
18728,0.77717745
18729,0.77717745
18730,0.77717745
18731,0.77717745
18732,0.77717745
18733,0.77717745
18734,0.77717745
18735,0.77717745
18736,0.77717745
18737,0.77717745
18738,0.77717745
18739,0.7814094
18740,0.7814094
18741,0.77717745
18742,0.7908043
18743,0.77717745
18744,0.77717745
18745,0.77717745
18746,0.77717745
18747,0.787234
18748,0.77717745
18749,0.77717745
18750,0.77717745
18751,0.77717745
18752,0.77717745
18753,0.77717745
18754,0.77717745
18755,0.77717745
18756,0.77717745
18757,0.77717745
18758,0.77717745
18759,0.77717745
18760,0.77717745
18761,0.77717745
18762,0.77717745
18763,0.77717745
18764,0.77717745
18765,0.77717745
18766,0.77717745
18767,0.77717745
18768,0.77717745
18769,0.77717745
18770,0.77717745
18771,0.77717745
18772,0.77717745
18773,0.77717745
18774,0.77717745
18775,0.7814094
18776,0.77717745
18777,0.77717745
18778,0.77717745
18779,0.77717745
18780,0.77717745
18781,0.77717745
18782,0.77717745
18783,0.77717745
18784,0.77717745
18785,0.7814094
18786,0.7814094
18787,0.7814094
18788,0.77717745
18789,0.77717745
18790,0.77717745
18791,0.77717745
18792,0.77717745
18793,0.77717745
18794,0.77717745
18795,0.77717745
18796,0.77717745
18797,0.77717745
18798,0.77717745
18799,0.77717745
18800,0.7814094
18801,0.77717745
18802,0.77717745
18803,0.77717745
18804,0.77717745
18805,0.77717745
18806,0.77717745
18807,0.77717745
18808,0.77717745
18809,0.77717745
18810,0.77717745
18811,0.77717745
18812,0.77717745
18813,0.77717745
18814,0.77717745
18815,0.77717745
18816,0.77717745
18817,0.77717745
18818,0.77717745
18819,0.77717745
18820,0.77717745
18821,0.77717745
18822,0.77717745
18823,0.77717745
18824,0.77717745
18825,0.77717745
18826,0.77717745
18827,0.77717745
18828,0.77717745
18829,0.77717745
18830,0.77717745
18831,0.77717745
18832,0.77717745
18833,0.77717745
18834,0.77717745
18835,0.77717745
18836,0.77717745
18837,0.77717745
18838,0.77717745
18839,0.77717745
18840,0.77717745
18841,0.77717745
18842,0.77717745
18843,0.77717745
18844,0.77717745
18845,0.77717745
18846,0.7814094
18847,0.77717745
18848,0.77717745
18849,0.77717745
18850,0.77717745
18851,0.77717745
18852,0.77717745
18853,0.77717745
18854,0.77717745
18855,0.77717745
18856,0.77717745
18857,0.77717745
18858,0.77717745
18859,0.7814094
18860,0.77717745
18861,0.77717745
18862,0.77717745
18863,0.77717745
18864,0.77717745
18865,0.77717745
18866,0.77717745
18867,0.7814094
18868,0.77717745
18869,0.77717745
18870,0.77717745
18871,0.77717745
18872,0.77717745
18873,0.7814094
18874,0.77717745
18875,0.77717745
18876,0.77717745
18877,0.77717745
18878,0.77717745
18879,0.77717745
18880,0.77717745
18881,0.7814094
18882,0.7814094
18883,0.77717745
18884,0.77717745
18885,0.77717745
18886,0.77717745
18887,0.77717745
18888,0.77717745
18889,0.77717745
18890,0.77717745
18891,0.77717745
18892,0.77717745
18893,0.77717745
18894,0.77717745
18895,0.77717745
18896,0.77717745
18897,0.790131
18898,0.77717745
18899,0.77717745
18900,0.7814094
18901,0.77717745
18902,0.77717745
18903,0.77717745
18904,0.77717745
18905,0.77717745
18906,0.7814094
18907,0.77717745
18908,0.77717745
18909,0.77717745
18910,0.77717745
18911,0.77717745
18912,0.77717745
18913,0.77717745
18914,0.77717745
18915,0.77717745
18916,0.77717745
18917,0.77717745
18918,0.77717745
18919,0.77717745
18920,0.77717745
18921,0.77717745
18922,0.77717745
18923,0.77717745
18924,0.77717745
18925,0.77717745
18926,0.77717745
18927,0.77717745
18928,0.77717745
18929,0.77717745
18930,0.7814094
18931,0.77717745
18932,0.77717745
18933,0.7814094
18934,0.7814094
18935,0.77717745
18936,0.77717745
18937,0.77717745
18938,0.77717745
18939,0.77717745
18940,0.7814094
18941,0.77717745
18942,0.77717745
18943,0.77717745
18944,0.7814094
18945,0.77717745
18946,0.77717745
18947,0.77717745
18948,0.77717745
18949,0.77717745
18950,0.77717745
18951,0.77717745
18952,0.77717745
18953,0.77717745
18954,0.77717745
18955,0.77717745
18956,0.77717745
18957,0.77717745
18958,0.77717745
18959,0.77717745
18960,0.77717745
18961,0.77717745
18962,0.77717745
18963,0.77717745
18964,0.7814094
18965,0.77717745
18966,0.7814094
18967,0.77717745
18968,0.77717745
18969,0.77717745
18970,0.77717745
18971,0.77717745
18972,0.77717745
18973,0.7814094
18974,0.77717745
18975,0.77717745
18976,0.77717745
18977,0.77717745
18978,0.77717745
18979,0.7814094
18980,0.77717745
18981,0.7814094
18982,0.7814094
18983,0.77717745
18984,0.77717745
18985,0.77717745
18986,0.77717745
18987,0.77717745
18988,0.77717745
18989,0.77717745
18990,0.77717745
18991,0.77717745
18992,0.7814094
18993,0.77717745
18994,0.77717745
18995,0.77717745
18996,0.77717745
18997,0.77717745
18998,0.7814094
18999,0.77717745
19000,0.77717745
19001,0.77717745
19002,0.77717745
19003,0.77717745
19004,0.77717745
19005,0.77717745
19006,0.77717745
19007,0.7814094
19008,0.77717745
19009,0.77717745
19010,0.77717745
19011,0.7814094
19012,0.77717745
19013,0.77717745
19014,0.77717745
19015,0.77717745
19016,0.77717745
19017,0.77717745
19018,0.77717745
19019,0.77717745
19020,0.77717745
19021,0.77717745
19022,0.77717745
19023,0.77717745
19024,0.77717745
19025,0.77717745
19026,0.77717745
19027,0.7814094
19028,0.77717745
19029,0.77717745
19030,0.77717745
19031,0.77717745
19032,0.77717745
19033,0.7814094
19034,0.77717745
19035,0.77717745
19036,0.77717745
19037,0.77717745
19038,0.77717745
19039,0.77717745
19040,0.77717745
19041,0.77717745
19042,0.77717745
19043,0.77717745
19044,0.77717745
19045,0.77717745
19046,0.77717745
19047,0.77717745
19048,0.77717745
19049,0.77717745
19050,0.77717745
19051,0.77717745
19052,0.77717745
19053,0.77717745
19054,0.7814094
19055,0.77717745
19056,0.77717745
19057,0.77717745
19058,0.77717745
19059,0.77717745
19060,0.77717745
19061,0.77717745
19062,0.77717745
19063,0.77717745
19064,0.77717745
19065,0.77717745
19066,0.77717745
19067,0.77717745
19068,0.77717745
19069,0.77717745
19070,0.77717745
19071,0.77717745
19072,0.77717745
19073,0.7814094
19074,0.77717745
19075,0.77717745
19076,0.77717745
19077,0.77717745
19078,0.77717745
19079,0.77717745
19080,0.77717745
19081,0.77717745
19082,0.77717745
19083,0.77717745
19084,0.77717745
19085,0.7814094
19086,0.77717745
19087,0.77717745
19088,0.77717745
19089,0.77717745
19090,0.77717745
19091,0.77717745
19092,0.7814094
19093,0.77717745
19094,0.77717745
19095,0.77717745
19096,0.77717745
19097,0.77717745
19098,0.77717745
19099,0.77717745
19100,0.77717745
19101,0.77717745
19102,0.77717745
19103,0.77717745
19104,0.77717745
19105,0.77717745
19106,0.77717745
19107,0.77717745
19108,0.77717745
19109,0.77717745
19110,0.77717745
19111,0.77717745
19112,0.77717745
19113,0.77717745
19114,0.77717745
19115,0.77717745
19116,0.77717745
19117,0.77717745
19118,0.7814094
19119,0.77717745
19120,0.77717745
19121,0.77717745
19122,0.77717745
19123,0.77717745
19124,0.77717745
19125,0.77717745
19126,0.7814094
19127,0.7814094
19128,0.77717745
19129,0.77717745
19130,0.77717745
19131,0.77717745
19132,0.77717745
19133,0.77717745
19134,0.7814094
19135,0.77717745
19136,0.7814094
19137,0.77717745
19138,0.77717745
19139,0.7814094
19140,0.7814094
19141,0.77717745
19142,0.77717745
19143,0.77717745
19144,0.77717745
19145,0.77717745
19146,0.7814094
19147,0.77717745
19148,0.7814094
19149,0.77717745
19150,0.77717745
19151,0.77717745
19152,0.77717745
19153,0.77717745
19154,0.77717745
19155,0.77717745
19156,0.77717745
19157,0.77717745
19158,0.77717745
19159,0.77717745
19160,0.7814094
19161,0.77717745
19162,0.77717745
19163,0.77717745
19164,0.7814094
19165,0.7814094
19166,0.7814094
19167,0.77717745
19168,0.77717745
19169,0.77717745
19170,0.77717745
19171,0.77717745
19172,0.77717745
19173,0.7814094
19174,0.77717745
19175,0.77717745
19176,0.77717745
19177,0.77717745
19178,0.77717745
19179,0.77717745
19180,0.7814094
19181,0.77717745
19182,0.77717745
19183,0.77717745
19184,0.77717745
19185,0.77717745
19186,0.77717745
19187,0.77717745
19188,0.77717745
19189,0.7814094
19190,0.77717745
19191,0.77717745
19192,0.77717745
19193,0.77717745
19194,0.77717745
19195,0.77717745
19196,0.77717745
19197,0.77717745
19198,0.77717745
19199,0.77717745
19200,0.77717745
19201,0.77717745
19202,0.77717745
19203,0.77717745
19204,0.7814094
19205,0.77717745
19206,0.7814094
19207,0.77717745
19208,0.77717745
19209,0.79140604
19210,0.7814094
19211,0.77717745
19212,0.77717745
19213,0.77717745
19214,0.77717745
19215,0.7908043
19216,0.77717745
19217,0.77717745
19218,0.77717745
19219,0.77717745
19220,0.77717745
19221,0.77717745
19222,0.77717745
19223,0.7814094
19224,0.77717745
19225,0.77717745
19226,0.77717745
19227,0.77717745
19228,0.7814094
19229,0.787234
19230,0.77717745
19231,0.77717745
19232,0.77717745
19233,0.7814094
19234,0.77717745
19235,0.77717745
19236,0.77717745
19237,0.77717745
19238,0.77717745
19239,0.77717745
19240,0.77717745
19241,0.77717745
19242,0.77717745
19243,0.77717745
19244,0.77717745
19245,0.77717745
19246,0.77717745
19247,0.77717745
19248,0.77717745
19249,0.77717745
19250,0.77717745
19251,0.7814094
19252,0.7814094
19253,0.77717745
19254,0.77717745
19255,0.77717745
19256,0.77717745
19257,0.77717745
19258,0.77717745
19259,0.77717745
19260,0.77717745
19261,0.77717745
19262,0.77717745
19263,0.77717745
19264,0.7814094
19265,0.77717745
19266,0.77717745
19267,0.7814094
19268,0.77717745
19269,0.77717745
19270,0.77717745
19271,0.77717745
19272,0.77717745
19273,0.77717745
19274,0.77717745
19275,0.77717745
19276,0.77717745
19277,0.77717745
19278,0.7814094
19279,0.7814094
19280,0.77717745
19281,0.77717745
19282,0.77717745
19283,0.77717745
19284,0.77717745
19285,0.7814094
19286,0.77717745
19287,0.77717745
19288,0.77717745
19289,0.77717745
19290,0.7908043
19291,0.77717745
19292,0.77717745
19293,0.77717745
19294,0.77717745
19295,0.77717745
19296,0.7814094
19297,0.77717745
19298,0.77717745
19299,0.77717745
19300,0.77717745
19301,0.77717745
19302,0.7814094
19303,0.77717745
19304,0.790131
19305,0.77717745
19306,0.7814094
19307,0.77717745
19308,0.77717745
19309,0.77717745
19310,0.77717745
19311,0.77717745
19312,0.77717745
19313,0.77717745
19314,0.77717745
19315,0.77717745
19316,0.77717745
19317,0.77717745
19318,0.77717745
19319,0.77717745
19320,0.77717745
19321,0.77717745
19322,0.7814094
19323,0.7814094
19324,0.77717745
19325,0.77717745
19326,0.77717745
19327,0.77717745
19328,0.7814094
19329,0.77717745
19330,0.77717745
19331,0.77717745
19332,0.7814094
19333,0.7814094
19334,0.77717745
19335,0.77717745
19336,0.77717745
19337,0.77717745
19338,0.77717745
19339,0.7814094
19340,0.77717745
19341,0.77717745
19342,0.77717745
19343,0.77717745
19344,0.77717745
19345,0.77717745
19346,0.7814094
19347,0.77717745
19348,0.77717745
19349,0.77717745
19350,0.77717745
19351,0.77717745
19352,0.77717745
19353,0.77717745
19354,0.77717745
19355,0.77717745
19356,0.7814094
19357,0.77717745
19358,0.77717745
19359,0.77717745
19360,0.77717745
19361,0.77717745
19362,0.77717745
19363,0.77717745
19364,0.77717745
19365,0.77717745
19366,0.77717745
19367,0.77717745
19368,0.77717745
19369,0.77717745
19370,0.77717745
19371,0.77717745
19372,0.77717745
19373,0.77717745
19374,0.77717745
19375,0.77717745
19376,0.77717745
19377,0.77717745
19378,0.77717745
19379,0.77717745
19380,0.77717745
19381,0.77717745
19382,0.77717745
19383,0.77717745
19384,0.77717745
19385,0.77717745
19386,0.77717745
19387,0.77717745
19388,0.77717745
19389,0.7814094
19390,0.77717745
19391,0.77717745
19392,0.77717745
19393,0.77717745
19394,0.77717745
19395,0.77717745
19396,0.77717745
19397,0.77717745
19398,0.77717745
19399,0.77717745
19400,0.7814094
19401,0.77717745
19402,0.77717745
19403,0.77717745
19404,0.77717745
19405,0.77717745
19406,0.77717745
19407,0.77717745
19408,0.7814094
19409,0.77717745
19410,0.77717745
19411,0.77717745
19412,0.7814094
19413,0.7814094
19414,0.7814094
19415,0.77717745
19416,0.77717745
19417,0.77717745
19418,0.77717745
19419,0.77717745
19420,0.77717745
19421,0.7814094
19422,0.77717745
19423,0.77717745
19424,0.77717745
19425,0.77717745
19426,0.77717745
19427,0.77717745
19428,0.77717745
19429,0.77717745
19430,0.77717745
19431,0.77717745
19432,0.77717745
19433,0.77717745
19434,0.7814094
19435,0.77717745
19436,0.77717745
19437,0.77717745
19438,0.77717745
19439,0.77717745
19440,0.77717745
19441,0.77717745
19442,0.77717745
19443,0.7814094
19444,0.77717745
19445,0.77717745
19446,0.7908043
19447,0.77717745
19448,0.77717745
19449,0.77717745
19450,0.77717745
19451,0.77717745
19452,0.77717745
19453,0.77717745
19454,0.77717745
19455,0.77717745
19456,0.77717745
19457,0.7814094
19458,0.7814094
19459,0.77717745
19460,0.7814094
19461,0.77717745
19462,0.77717745
19463,0.7814094
19464,0.77717745
19465,0.77717745
19466,0.77717745
19467,0.77717745
19468,0.77717745
19469,0.77717745
19470,0.77717745
19471,0.77717745
19472,0.77717745
19473,0.7814094
19474,0.7814094
19475,0.7908043
19476,0.77717745
19477,0.77717745
19478,0.77717745
19479,0.77717745
19480,0.77717745
19481,0.7814094
19482,0.7814094
19483,0.77717745
19484,0.77717745
19485,0.77717745
19486,0.77717745
19487,0.77717745
19488,0.77717745
19489,0.77717745
19490,0.77717745
19491,0.77717745
19492,0.77717745
19493,0.77717745
19494,0.77717745
19495,0.77717745
19496,0.77717745
19497,0.77717745
19498,0.77717745
19499,0.77717745
19500,0.77717745
19501,0.77717745
19502,0.77717745
19503,0.77717745
19504,0.79140604
19505,0.77717745
19506,0.77717745
19507,0.77717745
19508,0.77717745
19509,0.7814094
19510,0.77717745
19511,0.7814094
19512,0.77717745
19513,0.77717745
19514,0.77717745
19515,0.77717745
19516,0.77717745
19517,0.77717745
19518,0.77717745
19519,0.77717745
19520,0.77717745
19521,0.77717745
19522,0.77717745
19523,0.77717745
19524,0.77717745
19525,0.77717745
19526,0.77717745
19527,0.77717745
19528,0.77717745
19529,0.7814094
19530,0.77717745
19531,0.77717745
19532,0.77717745
19533,0.77717745
19534,0.77717745
19535,0.77717745
19536,0.7814094
19537,0.77717745
19538,0.77717745
19539,0.77717745
19540,0.77717745
19541,0.77717745
19542,0.77717745
19543,0.77717745
19544,0.77717745
19545,0.77717745
19546,0.77717745
19547,0.7814094
19548,0.77717745
19549,0.77717745
19550,0.77717745
19551,0.77717745
19552,0.7814094
19553,0.77717745
19554,0.77717745
19555,0.77717745
19556,0.7814094
19557,0.77717745
19558,0.77717745
19559,0.77717745
19560,0.77717745
19561,0.77717745
19562,0.77717745
19563,0.77717745
19564,0.77717745
19565,0.77717745
19566,0.77717745
19567,0.77717745
19568,0.77717745
19569,0.77717745
19570,0.77717745
19571,0.7814094
19572,0.77717745
19573,0.77717745
19574,0.77717745
19575,0.77717745
19576,0.7814094
19577,0.77717745
19578,0.77717745
19579,0.77717745
19580,0.77717745
19581,0.77717745
19582,0.77717745
19583,0.77717745
19584,0.77717745
19585,0.77717745
19586,0.7814094
19587,0.77717745
19588,0.7814094
19589,0.7814094
19590,0.77717745
19591,0.77717745
19592,0.77717745
19593,0.77717745
19594,0.77717745
19595,0.77717745
19596,0.77717745
19597,0.77717745
19598,0.77717745
19599,0.77717745
19600,0.77717745
19601,0.7814094
19602,0.77717745
19603,0.7814094
19604,0.77717745
19605,0.77717745
19606,0.77717745
19607,0.77717745
19608,0.77717745
19609,0.77717745
19610,0.77717745
19611,0.7814094
19612,0.77717745
19613,0.77717745
19614,0.7814094
19615,0.77717745
19616,0.77717745
19617,0.77717745
19618,0.77717745
19619,0.77717745
19620,0.77717745
19621,0.77717745
19622,0.77717745
19623,0.77717745
19624,0.77717745
19625,0.77717745
19626,0.77717745
19627,0.77717745
19628,0.77717745
19629,0.77717745
19630,0.7814094
19631,0.7814094
19632,0.77717745
19633,0.7814094
19634,0.77717745
19635,0.77717745
19636,0.77717745
19637,0.7814094
19638,0.77717745
19639,0.7814094
19640,0.77717745
19641,0.77717745
19642,0.77717745
19643,0.7814094
19644,0.77717745
19645,0.77717745
19646,0.77717745
19647,0.77717745
19648,0.77717745
19649,0.77717745
19650,0.77717745
19651,0.77717745
19652,0.77717745
19653,0.77717745
19654,0.77717745
19655,0.77717745
19656,0.77717745
19657,0.77717745
19658,0.77717745
19659,0.77717745
19660,0.77717745
19661,0.77717745
19662,0.77717745
19663,0.77717745
19664,0.77717745
19665,0.77717745
19666,0.77717745
19667,0.77717745
19668,0.77717745
19669,0.77717745
19670,0.77717745
19671,0.77717745
19672,0.77717745
19673,0.77717745
19674,0.77717745
19675,0.7814094
19676,0.77717745
19677,0.77717745
19678,0.77717745
19679,0.77717745
19680,0.77717745
19681,0.77717745
19682,0.77717745
19683,0.7814094
19684,0.77717745
19685,0.77717745
19686,0.77717745
19687,0.77717745
19688,0.77717745
19689,0.77717745
19690,0.7814094
19691,0.77717745
19692,0.77717954
19693,0.77717745
19694,0.77717745
19695,0.77717745
19696,0.77717745
19697,0.7814094
19698,0.77717745
19699,0.77717745
19700,0.77717745
19701,0.77717745
19702,0.77717745
19703,0.77717745
19704,0.77717745
19705,0.7814094
19706,0.77717745
19707,0.77717745
19708,0.77717745
19709,0.77717745
19710,0.77717745
19711,0.77717745
19712,0.77717745
19713,0.77717745
19714,0.77717745
19715,0.77717745
19716,0.77717745
19717,0.77717745
19718,0.7814094
19719,0.77717745
19720,0.7814094
19721,0.77717745
19722,0.77717745
19723,0.77717745
19724,0.77717745
19725,0.77717745
19726,0.7814094
19727,0.77717745
19728,0.77717745
19729,0.77717745
19730,0.77717745
19731,0.77717745
19732,0.77717745
19733,0.77717745
19734,0.7814094
19735,0.77717745
19736,0.77717745
19737,0.77717745
19738,0.77717745
19739,0.7814094
19740,0.77717745
19741,0.7814094
19742,0.77717745
19743,0.77717745
19744,0.77717745
19745,0.77717745
19746,0.77717745
19747,0.77717745
19748,0.77717745
19749,0.77717745
19750,0.77717745
19751,0.77717745
19752,0.77717745
19753,0.77717745
19754,0.77717745
19755,0.77717745
19756,0.77717745
19757,0.77717745
19758,0.77717745
19759,0.7814094
19760,0.7814094
19761,0.7814094
19762,0.7814094
19763,0.77717745
19764,0.77717745
19765,0.77717745
19766,0.77717745
19767,0.77717745
19768,0.77717745
19769,0.77717745
19770,0.77717745
19771,0.77717745
19772,0.77717745
19773,0.7814094
19774,0.77717745
19775,0.77717745
19776,0.77717745
19777,0.77717745
19778,0.77717745
19779,0.77717745
19780,0.77717745
19781,0.77717745
19782,0.77717745
19783,0.77717745
19784,0.77717745
19785,0.77717745
19786,0.77717745
19787,0.77717745
19788,0.77717745
19789,0.77717745
19790,0.77717745
19791,0.77717745
19792,0.77717745
19793,0.77717745
19794,0.77717745
19795,0.77717745
19796,0.77717745
19797,0.77717745
19798,0.77717745
19799,0.77717745
19800,0.77717745
19801,0.7814094
19802,0.77717745
19803,0.77717745
19804,0.77717745
19805,0.77717745
19806,0.7814094
19807,0.77717745
19808,0.77717745
19809,0.7814094
19810,0.77717745
19811,0.77717745
19812,0.77717745
19813,0.77717745
19814,0.77717745
19815,0.77717745
19816,0.7814094
19817,0.77717745
19818,0.77717745
19819,0.7814094
19820,0.77717745
19821,0.77717745
19822,0.77717745
19823,0.77717745
19824,0.77717745
19825,0.77717745
19826,0.77717745
19827,0.77717745
19828,0.77717745
19829,0.77717745
19830,0.77717745
19831,0.77717745
19832,0.77717745
19833,0.77717745
19834,0.77717745
19835,0.77717745
19836,0.77717745
19837,0.77717745
19838,0.77717745
19839,0.7814094
19840,0.77717745
19841,0.77717745
19842,0.77717745
19843,0.77717745
19844,0.7814094
19845,0.7814094
19846,0.77717745
19847,0.77717745
19848,0.77717745
19849,0.77717745
19850,0.77717745
19851,0.77717745
19852,0.77717745
19853,0.77717745
19854,0.7814094
19855,0.77717745
19856,0.77717745
19857,0.77717745
19858,0.77717745
19859,0.77717745
19860,0.77717745
19861,0.77717745
19862,0.7814094
19863,0.77717745
19864,0.77717745
19865,0.7814094
19866,0.77717745
19867,0.77717745
19868,0.7814094
19869,0.77717745
19870,0.77717745
19871,0.77717745
19872,0.77717745
19873,0.7814094
19874,0.7814094
19875,0.77717745
19876,0.77717745
19877,0.7814094
19878,0.77717745
19879,0.77717745
19880,0.77717745
19881,0.787234
19882,0.77717745
19883,0.7814094
19884,0.77717745
19885,0.77717745
19886,0.77717745
19887,0.7814094
19888,0.77717745
19889,0.77717745
19890,0.77717745
19891,0.77717745
19892,0.77717745
19893,0.77717745
19894,0.77717745
19895,0.77717745
19896,0.7814094
19897,0.77717745
19898,0.77717745
19899,0.77717745
19900,0.77717745
19901,0.77717745
19902,0.77717745
19903,0.77717745
19904,0.77717745
19905,0.77717745
19906,0.77717745
19907,0.77717745
19908,0.77717745
19909,0.7814094
19910,0.7908043
19911,0.77717745
19912,0.77717745
19913,0.7814094
19914,0.77717745
19915,0.77717745
19916,0.77717745
19917,0.77717745
19918,0.77717745
19919,0.77717745
19920,0.77717745
19921,0.77717745
19922,0.77717745
19923,0.77717745
19924,0.77717745
19925,0.77717745
19926,0.77717745
19927,0.77717745
19928,0.77717745
19929,0.7814094
19930,0.77717745
19931,0.77717745
19932,0.77717745
19933,0.77717745
19934,0.77717745
19935,0.77717745
19936,0.77717745
19937,0.77717745
19938,0.77717745
19939,0.77717745
19940,0.77717745
19941,0.77717745
19942,0.77717745
19943,0.77717745
19944,0.77717745
19945,0.77717745
19946,0.7814094
19947,0.77717745
19948,0.77717745
19949,0.77717745
19950,0.77717745
19951,0.7814094
19952,0.77717745
19953,0.77717745
19954,0.77717745
19955,0.77717745
19956,0.77717745
19957,0.77717745
19958,0.77717745
19959,0.77717745
19960,0.77717745
19961,0.77717745
19962,0.77717745
19963,0.77717745
19964,0.77717745
19965,0.77717745
19966,0.77717745
19967,0.77717745
19968,0.77717745
19969,0.77717745
19970,0.7814094
19971,0.77717745
19972,0.77717745
19973,0.77717745
19974,0.77717745
19975,0.77717745
19976,0.7814094
19977,0.77717745
19978,0.77717745
19979,0.77717745
19980,0.77717745
19981,0.77717745
19982,0.77717745
19983,0.77717745
19984,0.77717745
19985,0.77717745
19986,0.77717745
19987,0.77717745
19988,0.77717745
19989,0.77717745
19990,0.77717745
19991,0.7814094
19992,0.77717745
19993,0.77717745
19994,0.77717745
19995,0.77717745
19996,0.7814094
19997,0.77717745
19998,0.7814094
19999,0.77717745
20000,0.7814094
20001,0.77717745
20002,0.77717745
20003,0.77717745
20004,0.77717745
20005,0.7814094
20006,0.77717745
20007,0.7814094
20008,0.77717745
20009,0.77717745
20010,0.77717745
20011,0.77717745
20012,0.77717745
20013,0.77717745
20014,0.77717745
20015,0.77717745
20016,0.77717745
20017,0.77717745
20018,0.77717745
20019,0.77717745
20020,0.77717745
20021,0.77717745
20022,0.77717745
20023,0.7814094
20024,0.77717745
20025,0.77717745
20026,0.77717745
20027,0.7814094
20028,0.77717745
20029,0.77717745
20030,0.7814094
20031,0.77717745
20032,0.77717745
20033,0.77717745
20034,0.77717745
20035,0.77717745
20036,0.77717745
20037,0.77717745
20038,0.77717745
20039,0.77717745
20040,0.77717745
20041,0.77717745
20042,0.77717745
20043,0.77717745
20044,0.77717745
20045,0.77717745
20046,0.77717745
20047,0.77717745
20048,0.7814094
20049,0.77717745
20050,0.77717745
20051,0.77717745
20052,0.77717745
20053,0.77717745
20054,0.77717745
20055,0.77717745
20056,0.77717745
20057,0.77717745
20058,0.77717745
20059,0.77717745
20060,0.77717745
20061,0.77717745
20062,0.77717745
20063,0.7814094
20064,0.77717745
20065,0.77717745
20066,0.77717745
20067,0.7814094
20068,0.7814094
20069,0.7908043
20070,0.77717745
20071,0.77717745
20072,0.77717745
20073,0.77717745
20074,0.77717745
20075,0.77717745
20076,0.77717745
20077,0.77717745
20078,0.77717745
20079,0.77717745
20080,0.77717745
20081,0.77717745
20082,0.77717745
20083,0.77717745
20084,0.77717745
20085,0.77717745
20086,0.7814094
20087,0.77717745
20088,0.7814094
20089,0.77717745
20090,0.77717745
20091,0.77717745
20092,0.77717745
20093,0.77717745
20094,0.77717745
20095,0.77717745
20096,0.77717745
20097,0.77717745
20098,0.77717745
20099,0.77717745
20100,0.77717745
20101,0.77717745
20102,0.77717745
20103,0.77717745
20104,0.77717745
20105,0.77717745
20106,0.77717745
20107,0.77717745
20108,0.77717745
20109,0.77717745
20110,0.77717745
20111,0.77717745
20112,0.77717745
20113,0.77717745
20114,0.77717745
20115,0.77717745
20116,0.77717745
20117,0.77717745
20118,0.7814094
20119,0.77717745
20120,0.7814094
20121,0.77717745
20122,0.77717745
20123,0.77717745
20124,0.77717745
20125,0.77717745
20126,0.77717745
20127,0.77717745
20128,0.77717745
20129,0.77717745
20130,0.7814094
20131,0.77717745
20132,0.77717745
20133,0.77717745
20134,0.77717745
20135,0.77717745
20136,0.7814094
20137,0.77717745
20138,0.77717745
20139,0.77717745
20140,0.7814094
20141,0.77717745
20142,0.77717745
20143,0.77717745
20144,0.77717745
20145,0.77717745
20146,0.77717745
20147,0.77717745
20148,0.77717745
20149,0.77717745
20150,0.77717745
20151,0.77717745
20152,0.77717745
20153,0.77717745
20154,0.77717745
20155,0.77717745
20156,0.77717745
20157,0.77717745
20158,0.77717745
20159,0.77717745
20160,0.77717745
20161,0.77717745
20162,0.77717745
20163,0.77717745
20164,0.77717745
20165,0.77717745
20166,0.77717745
20167,0.77717745
20168,0.77717745
20169,0.77717745
20170,0.77717745
20171,0.77717745
20172,0.77717745
20173,0.7814094
20174,0.77717745
20175,0.77717745
20176,0.77717745
20177,0.77717745
20178,0.77717745
20179,0.77717745
20180,0.77717745
20181,0.77717745
20182,0.7814094
20183,0.7814094
20184,0.77717745
20185,0.77717745
20186,0.77717745
20187,0.77717745
20188,0.77717745
20189,0.77717745
20190,0.77717745
20191,0.77717745
20192,0.77717745
20193,0.77717745
20194,0.77717745
20195,0.7814094
20196,0.77717745
20197,0.77717745
20198,0.77717745
20199,0.77717745
20200,0.77717745
20201,0.77717745
20202,0.77717745
20203,0.77717745
20204,0.77717745
20205,0.77717745
20206,0.77717745
20207,0.77717745
20208,0.77717745
20209,0.77717745
20210,0.77717745
20211,0.77717745
20212,0.787234
20213,0.77717745
20214,0.77717745
20215,0.77717745
20216,0.77717745
20217,0.77717745
20218,0.77717745
20219,0.77717745
20220,0.77717745
20221,0.7814094
20222,0.77717745
20223,0.77717745
20224,0.77717745
20225,0.77717745
20226,0.77717745
20227,0.77717745
20228,0.77717745
20229,0.77717745
20230,0.7814094
20231,0.77717745
20232,0.77717745
20233,0.77717745
20234,0.77717745
20235,0.77717745
20236,0.77717745
20237,0.77717745
20238,0.77717745
20239,0.77717745
20240,0.77717745
20241,0.77717745
20242,0.77717745
20243,0.77717745
20244,0.77717745
20245,0.77717745
20246,0.77717745
20247,0.77717745
20248,0.77717745
20249,0.77717745
20250,0.77717745
20251,0.77717745
20252,0.77717745
20253,0.77717745
20254,0.77717745
20255,0.77717745
20256,0.77717745
20257,0.77717745
20258,0.77717745
20259,0.77717745
20260,0.77717745
20261,0.77717745
20262,0.77717745
20263,0.77717745
20264,0.77717745
20265,0.77717745
20266,0.77717745
20267,0.77717745
20268,0.77717745
20269,0.77717745
20270,0.77717745
20271,0.77717745
20272,0.7814094
20273,0.77717745
20274,0.77717745
20275,0.77717745
20276,0.77717745
20277,0.7868813
20278,0.7814094
20279,0.77717745
20280,0.77717745
20281,0.7814094
20282,0.77717745
20283,0.77717745
20284,0.77717745
20285,0.7814094
20286,0.7814094
20287,0.77717745
20288,0.77717745
20289,0.77717745
20290,0.77717745
20291,0.77717745
20292,0.77717745
20293,0.77717745
20294,0.77717745
20295,0.77717745
20296,0.77717745
20297,0.77717745
20298,0.77717745
20299,0.7814094
20300,0.77717745
20301,0.77717745
20302,0.77717745
20303,0.77717745
20304,0.7814094
20305,0.77717745
20306,0.77717745
20307,0.77717745
20308,0.7814094
20309,0.77717745
20310,0.77717745
20311,0.77717745
20312,0.77717745
20313,0.77717745
20314,0.77717745
20315,0.77717745
20316,0.7814094
20317,0.77717745
20318,0.77717745
20319,0.77717745
20320,0.7814094
20321,0.77717745
20322,0.77717745
20323,0.7814094
20324,0.77717745
20325,0.77717745
20326,0.77717745
20327,0.77717745
20328,0.77717745
20329,0.77717745
20330,0.77717745
20331,0.77717745
20332,0.77717745
20333,0.77717745
20334,0.77717745
20335,0.77717745
20336,0.77717745
20337,0.77717745
20338,0.77717745
20339,0.77717745
20340,0.77717745
20341,0.7814094
20342,0.7814094
20343,0.77717745
20344,0.77717745
20345,0.77717745
20346,0.77717745
20347,0.77717745
20348,0.77717745
20349,0.77717745
20350,0.77717745
20351,0.77717745
20352,0.7814094
20353,0.7814094
20354,0.77717745
20355,0.77717745
20356,0.77717745
20357,0.77717745
20358,0.77717745
20359,0.77717745
20360,0.77717745
20361,0.7814094
20362,0.77717745
20363,0.77717745
20364,0.77717745
20365,0.77717745
20366,0.77717745
20367,0.77717745
20368,0.77717745
20369,0.77717745
20370,0.77717745
20371,0.77717745
20372,0.77717745
20373,0.77717745
20374,0.77717745
20375,0.77717745
20376,0.77717745
20377,0.77717745
20378,0.77717745
20379,0.77717745
20380,0.77717745
20381,0.77717745
20382,0.7908043
20383,0.77717745
20384,0.77717745
20385,0.77717745
20386,0.77717745
20387,0.77717745
20388,0.77717745
20389,0.77717745
20390,0.77717745
20391,0.77717745
20392,0.77717745
20393,0.7814094
20394,0.77717745
20395,0.77717745
20396,0.7814094
20397,0.77717745
20398,0.77717745
20399,0.7814094
20400,0.77717745
20401,0.77717745
20402,0.77717745
20403,0.7814094
20404,0.77717745
20405,0.77717745
20406,0.77717745
20407,0.77717745
20408,0.77717745
20409,0.77717745
20410,0.77717745
20411,0.77717745
20412,0.77717745
20413,0.77717745
20414,0.7814094
20415,0.77717745
20416,0.77717745
20417,0.77717745
20418,0.77717745
20419,0.77717745
20420,0.77717745
20421,0.77717745
20422,0.77717745
20423,0.77717745
20424,0.77717745
20425,0.77717745
20426,0.77717745
20427,0.77717745
20428,0.77717745
20429,0.77717745
20430,0.77717745
20431,0.77717745
20432,0.77717745
20433,0.7814094
20434,0.77717745
20435,0.77717745
20436,0.77717745
20437,0.77717745
20438,0.77717745
20439,0.77717745
20440,0.7814094
20441,0.7814094
20442,0.77717745
20443,0.77717745
20444,0.77717745
20445,0.77717745
20446,0.77717745
20447,0.77717745
20448,0.77717745
20449,0.77717745
20450,0.77717745
20451,0.77717745
20452,0.77717745
20453,0.77717745
20454,0.77717745
20455,0.77717745
20456,0.77717745
20457,0.77717745
20458,0.77717745
20459,0.77717745
20460,0.77717745
20461,0.77717745
20462,0.77717745
20463,0.77717745
20464,0.77717745
20465,0.77717745
20466,0.77717745
20467,0.77717745
20468,0.79140604
20469,0.77717745
20470,0.77717745
20471,0.77717745
20472,0.77717745
20473,0.77717745
20474,0.7814094
20475,0.77717745
20476,0.790131
20477,0.77717745
20478,0.77717745
20479,0.77717745
20480,0.77717745
20481,0.77717745
20482,0.77717745
20483,0.77717745
20484,0.77717745
20485,0.77717745
20486,0.77717745
20487,0.77717745
20488,0.77717745
20489,0.77717745
20490,0.77717745
20491,0.7814094
20492,0.7814094
20493,0.77717745
20494,0.77717745
20495,0.77717745
20496,0.7814094
20497,0.77717745
20498,0.77717745
20499,0.7814094
20500,0.77717745
20501,0.77717745
20502,0.77717745
20503,0.77717745
20504,0.77717745
20505,0.7814094
20506,0.77717745
20507,0.77717745
20508,0.7908043
20509,0.77717745
20510,0.77717745
20511,0.77717745
20512,0.77717745
20513,0.77717745
20514,0.77717745
20515,0.77717745
20516,0.7814094
20517,0.77717745
20518,0.7814094
20519,0.77717745
20520,0.77717745
20521,0.77717745
20522,0.77717745
20523,0.77717745
20524,0.7814094
20525,0.77717745
20526,0.7814094
20527,0.77717745
20528,0.77717745
20529,0.77717745
20530,0.77717745
20531,0.7814094
20532,0.7814094
20533,0.77717745
20534,0.7814094
20535,0.7814094
20536,0.77717745
20537,0.77717745
20538,0.77717745
20539,0.77717745
20540,0.77717745
20541,0.77717745
20542,0.77717745
20543,0.77717745
20544,0.77717745
20545,0.77717745
20546,0.77717745
20547,0.77717745
20548,0.77717745
20549,0.77717745
20550,0.77717745
20551,0.77717745
20552,0.77717745
20553,0.7814094
20554,0.77717745
20555,0.77717745
20556,0.77717745
20557,0.77717745
20558,0.77717745
20559,0.77717745
20560,0.77717745
20561,0.77717745
20562,0.77717745
20563,0.77717745
20564,0.77717745
20565,0.77717745
20566,0.77717745
20567,0.7814094
20568,0.77717745
20569,0.7814094
20570,0.77717745
20571,0.7814094
20572,0.77717745
20573,0.77717745
20574,0.77717745
20575,0.77717745
20576,0.77717745
20577,0.77717745
20578,0.77717745
20579,0.77717745
20580,0.77717745
20581,0.77717745
20582,0.77717745
20583,0.7814094
20584,0.77717745
20585,0.77717745
20586,0.77717745
20587,0.77717745
20588,0.77717745
20589,0.77717745
20590,0.77717745
20591,0.77717745
20592,0.77717745
20593,0.77717745
20594,0.77717745
20595,0.77717745
20596,0.7814094
20597,0.77717745
20598,0.77717745
20599,0.77717745
20600,0.77717745
20601,0.77717745
20602,0.77717745
20603,0.7814094
20604,0.7814094
20605,0.77717745
20606,0.77717745
20607,0.77717745
20608,0.77717745
20609,0.7814094
20610,0.77717745
20611,0.77717745
20612,0.77717745
20613,0.77717745
20614,0.77717745
20615,0.77717745
20616,0.77717745
20617,0.77717745
20618,0.77717745
20619,0.77717745
20620,0.77717745
20621,0.7814094
20622,0.77717745
20623,0.7814094
20624,0.77717745
20625,0.77717745
20626,0.77717745
20627,0.77717745
20628,0.77717745
20629,0.7814094
20630,0.77717745
20631,0.77717745
20632,0.77717745
20633,0.77717745
20634,0.77717745
20635,0.7814094
20636,0.77717745
20637,0.77717745
20638,0.77717745
20639,0.77717745
20640,0.77717745
20641,0.77717745
20642,0.77717745
20643,0.7814094
20644,0.77717745
20645,0.77717745
20646,0.77717745
20647,0.77717745
20648,0.77717745
20649,0.77717745
20650,0.77717745
20651,0.77717745
20652,0.77717745
20653,0.77717745
20654,0.77717745
20655,0.77717745
20656,0.77717745
20657,0.77717745
20658,0.77717745
20659,0.77717745
20660,0.7814094
20661,0.7814094
20662,0.77717745
20663,0.77717745
20664,0.77717745
20665,0.77717745
20666,0.77717745
20667,0.77717745
20668,0.77717745
20669,0.77717745
20670,0.77717745
20671,0.77717745
20672,0.7814094
20673,0.77717745
20674,0.77717745
20675,0.77717745
20676,0.77717745
20677,0.77717745
20678,0.77717745
20679,0.77717745
20680,0.77717745
20681,0.7814094
20682,0.7814094
20683,0.77717745
20684,0.77717745
20685,0.77717745
20686,0.7814094
20687,0.77717745
20688,0.77717745
20689,0.77717745
20690,0.77717745
20691,0.77717745
20692,0.77717745
20693,0.77717745
20694,0.77717745
20695,0.77717745
20696,0.77717745
20697,0.7903534
20698,0.77717745
20699,0.77717745
20700,0.7814094
20701,0.7814094
20702,0.77717745
20703,0.77717745
20704,0.7814094
20705,0.77717745
20706,0.77717745
20707,0.77717745
20708,0.7908043
20709,0.77717745
20710,0.77717745
20711,0.77717745
20712,0.77717745
20713,0.77717745
20714,0.77717745
20715,0.77717745
20716,0.77717745
20717,0.77717745
20718,0.77717745
20719,0.77717745
20720,0.77717745
20721,0.7814094
20722,0.77717745
20723,0.77717745
20724,0.77717745
20725,0.77717745
20726,0.77717745
20727,0.77717745
20728,0.77717745
20729,0.77717745
20730,0.77717745
20731,0.77717745
20732,0.77717745
20733,0.77717745
20734,0.7814094
20735,0.77717745
20736,0.77717745
20737,0.77717745
20738,0.77717745
20739,0.77717745
20740,0.77717745
20741,0.7814094
20742,0.7814094
20743,0.77717745
20744,0.77717745
20745,0.77717745
20746,0.77717745
20747,0.77717745
20748,0.77717745
20749,0.77717745
20750,0.77717745
20751,0.77717745
20752,0.77717745
20753,0.77717745
20754,0.77717745
20755,0.77717745
20756,0.77717745
20757,0.77717745
20758,0.77717745
20759,0.77717745
20760,0.77717745
20761,0.77717745
20762,0.77717745
20763,0.7814094
20764,0.77717745
20765,0.77717745
20766,0.77717745
20767,0.7814094
20768,0.77717745
20769,0.7814094
20770,0.77717745
20771,0.77717745
20772,0.77717745
20773,0.77717745
20774,0.77717745
20775,0.77717745
20776,0.77717745
20777,0.77717745
20778,0.7814094
20779,0.77717745
20780,0.7814094
20781,0.77717745
20782,0.77717745
20783,0.77717745
20784,0.77717745
20785,0.77717745
20786,0.77717745
20787,0.77717745
20788,0.77717745
20789,0.77717745
20790,0.7814094
20791,0.77717745
20792,0.77717745
20793,0.77717745
20794,0.77717745
20795,0.77717745
20796,0.77717745
20797,0.77717745
20798,0.77717745
20799,0.7814094
20800,0.77717745
20801,0.77717745
20802,0.77717745
20803,0.77717745
20804,0.77717745
20805,0.7814094
20806,0.77717745
20807,0.77717745
20808,0.7814094
20809,0.77717745
20810,0.77717745
20811,0.77717745
20812,0.77717745
20813,0.77717745
20814,0.77717745
20815,0.77717745
20816,0.7814094
20817,0.77717745
20818,0.77717745
20819,0.7814094
20820,0.77717745
20821,0.77717745
20822,0.77717745
20823,0.77717745
20824,0.77717745
20825,0.77717745
20826,0.77717745
20827,0.77717745
20828,0.77717745
20829,0.77717745
20830,0.77717745
20831,0.7814094
20832,0.77717745
20833,0.77717745
20834,0.7814094
20835,0.77717745
20836,0.77717745
20837,0.77717745
20838,0.7814094
20839,0.77717745
20840,0.77717745
20841,0.77717745
20842,0.77717745
20843,0.77717745
20844,0.7814094
20845,0.77717745
20846,0.77717745
20847,0.77717745
20848,0.77717745
20849,0.7814094
20850,0.77717745
20851,0.77717745
20852,0.77717745
20853,0.77717745
20854,0.77717745
20855,0.77717745
20856,0.77717745
20857,0.77717745
20858,0.77717745
20859,0.77717745
20860,0.77717745
20861,0.77717745
20862,0.77717745
20863,0.77717745
20864,0.77717745
20865,0.77717745
20866,0.77717745
20867,0.77717745
20868,0.77717745
20869,0.77717745
20870,0.77717745
20871,0.77717745
20872,0.77717745
20873,0.77717745
20874,0.77717745
20875,0.77717745
20876,0.77717745
20877,0.7908043
20878,0.77717745
20879,0.77717745
20880,0.7814094
20881,0.77717745
20882,0.7814094
20883,0.77717745
20884,0.77717745
20885,0.7814094
20886,0.77717745
20887,0.77717745
20888,0.7814094
20889,0.7814094
20890,0.77717745
20891,0.77717745
20892,0.77717745
20893,0.7814094
20894,0.7814094
20895,0.77717745
20896,0.77717745
20897,0.77717745
20898,0.77717745
20899,0.77717745
20900,0.77717745
20901,0.7814094
20902,0.77717745
20903,0.787234
20904,0.77717745
20905,0.77717745
20906,0.7868813
20907,0.77717745
20908,0.77717745
20909,0.77717745
20910,0.7814094
20911,0.77717745
20912,0.77717745
20913,0.77717745
20914,0.77717745
20915,0.77717745
20916,0.77717745
20917,0.77717745
20918,0.77717745
20919,0.7814094
20920,0.77717745
20921,0.77717745
20922,0.77717745
20923,0.77717745
20924,0.77717745
20925,0.77717745
20926,0.77717745
20927,0.77717745
20928,0.77717745
20929,0.77717745
20930,0.77717745
20931,0.77717745
20932,0.77717745
20933,0.77717745
20934,0.77717745
20935,0.77717745
20936,0.77717745
20937,0.77717745
20938,0.77717745
20939,0.77717745
20940,0.77717745
20941,0.77717745
20942,0.77717745
20943,0.77717745
20944,0.77717745
20945,0.77717745
20946,0.77717745
20947,0.7814094
20948,0.77717745
20949,0.77717745
20950,0.77717745
20951,0.77717745
20952,0.77717745
20953,0.77717745
20954,0.77717745
20955,0.7814094
20956,0.77717745
20957,0.7814094
20958,0.77717745
20959,0.77717745
20960,0.77717745
20961,0.77717745
20962,0.77717745
20963,0.77717745
20964,0.77717745
20965,0.77717745
20966,0.77717745
20967,0.77717745
20968,0.77717745
20969,0.77717745
20970,0.77717745
20971,0.77717745
20972,0.77717745
20973,0.77717745
20974,0.77717745
20975,0.77717745
20976,0.77717745
20977,0.77717745
20978,0.77717745
20979,0.77717745
20980,0.77717745
20981,0.77717745
20982,0.7908043
20983,0.77717745
20984,0.77717745
20985,0.77717745
20986,0.77717745
20987,0.77717745
20988,0.77717745
20989,0.77717745
20990,0.77717745
20991,0.77717745
20992,0.77717745
20993,0.77717745
20994,0.77717745
20995,0.77717745
20996,0.77717745
20997,0.77717745
20998,0.7814094
20999,0.77717745
21000,0.77717745
21001,0.77717745
21002,0.77717745
21003,0.77717745
21004,0.77717745
21005,0.77717745
21006,0.77717745
21007,0.77717745
21008,0.77717745
21009,0.77717745
21010,0.77717745
21011,0.7814094
21012,0.77717745
21013,0.77717745
21014,0.77717745
21015,0.77717745
21016,0.77717745
21017,0.7903534
21018,0.77717745
21019,0.7814094
21020,0.7814094
21021,0.77717745
21022,0.7814094
21023,0.77717745
21024,0.77717745
21025,0.77717745
21026,0.77717745
21027,0.77717745
21028,0.7814094
21029,0.7814094
21030,0.77717745
21031,0.7814094
21032,0.77717745
21033,0.77717745
21034,0.7814094
21035,0.77717745
21036,0.7814094
21037,0.7814094
21038,0.7814094
21039,0.77717745
21040,0.77717745
21041,0.77717745
21042,0.7814094
21043,0.7814094
21044,0.77717745
21045,0.77717745
21046,0.7814094
21047,0.77717745
21048,0.77717745
21049,0.77717745
21050,0.77717745
21051,0.77717745
21052,0.77717745
21053,0.77717745
21054,0.77717745
21055,0.7814094
21056,0.7814094
21057,0.77717745
21058,0.77717745
21059,0.77717745
21060,0.77717745
21061,0.77717745
21062,0.77717745
21063,0.7814094
21064,0.7814094
21065,0.77717745
21066,0.77717745
21067,0.77717745
21068,0.77717745
21069,0.77717745
21070,0.7814094
21071,0.77717745
21072,0.77717745
21073,0.77717745
21074,0.77717745
21075,0.77717745
21076,0.77717745
21077,0.77717745
21078,0.77717745
21079,0.77717745
21080,0.77717745
21081,0.77717745
21082,0.77717745
21083,0.77717745
21084,0.77717745
21085,0.77717745
21086,0.77717745
21087,0.77717745
21088,0.77717745
21089,0.77717745
21090,0.77717745
21091,0.77717745
21092,0.77717745
21093,0.77717745
21094,0.77717745
21095,0.77717745
21096,0.77717745
21097,0.77717745
21098,0.77717745
21099,0.77717745
21100,0.77717745
21101,0.77717745
21102,0.77717745
21103,0.77717745
21104,0.77717745
21105,0.77717745
21106,0.77717745
21107,0.77717745
21108,0.7814094
21109,0.77717745
21110,0.77717745
21111,0.77717745
21112,0.77717745
21113,0.77717745
21114,0.77717745
21115,0.77717745
21116,0.77717745
21117,0.7814094
21118,0.77717745
21119,0.77717745
21120,0.77717745
21121,0.77717745
21122,0.7814094
21123,0.77717745
21124,0.77717745
21125,0.77717745
21126,0.77717745
21127,0.77717745
21128,0.77717745
21129,0.77717745
21130,0.77717745
21131,0.77717745
21132,0.77717745
21133,0.77717745
21134,0.77717745
21135,0.77717745
21136,0.77717745
21137,0.77717745
21138,0.77717745
21139,0.77717745
21140,0.77717745
21141,0.77717745
21142,0.77717745
21143,0.77717745
21144,0.77717745
21145,0.77717745
21146,0.77717745
21147,0.77717745
21148,0.77717745
21149,0.7814094
21150,0.7814094
21151,0.790131
21152,0.77717745
21153,0.77717745
21154,0.77717745
21155,0.77717745
21156,0.77717745
21157,0.7814094
21158,0.77717745
21159,0.77717745
21160,0.77717745
21161,0.77717745
21162,0.77717745
21163,0.7814094
21164,0.77717745
21165,0.77717745
21166,0.77717745
21167,0.77717745
21168,0.77717745
21169,0.77717745
21170,0.7814094
21171,0.77717745
21172,0.77717745
21173,0.77717745
21174,0.77717745
21175,0.77717745
21176,0.77717745
21177,0.77717745
21178,0.77717745
21179,0.77717745
21180,0.77717745
21181,0.7814094
21182,0.77717745
21183,0.77717745
21184,0.77717745
21185,0.77717745
21186,0.77717745
21187,0.77717745
21188,0.77717745
21189,0.77717745
21190,0.77717745
21191,0.77717745
21192,0.77717745
21193,0.7814094
21194,0.77717745
21195,0.77717745
21196,0.77717745
21197,0.77717745
21198,0.77717745
21199,0.7814094
21200,0.77717745
21201,0.77717745
21202,0.77717745
21203,0.7814094
21204,0.77717745
21205,0.7814094
21206,0.77717745
21207,0.77717745
21208,0.7814094
21209,0.77717745
21210,0.77717745
21211,0.77717745
21212,0.77717745
21213,0.77717745
21214,0.77717745
21215,0.77717745
21216,0.77717745
21217,0.7814094
21218,0.77717745
21219,0.77717745
21220,0.77717745
21221,0.77717745
21222,0.77717745
21223,0.77717745
21224,0.77717745
21225,0.77717745
21226,0.77717745
21227,0.77717745
21228,0.7814094
21229,0.77717745
21230,0.77717745
21231,0.7814094
21232,0.77717745
21233,0.77717745
21234,0.77717745
21235,0.77717745
21236,0.77717745
21237,0.77717745
21238,0.77717745
21239,0.77717745
21240,0.77717745
21241,0.77717745
21242,0.77717745
21243,0.77717745
21244,0.77717745
21245,0.77717745
21246,0.77717745
21247,0.7814094
21248,0.77717745
21249,0.77717745
21250,0.77717745
21251,0.77717745
21252,0.7814094
21253,0.77717745
21254,0.77717745
21255,0.7814094
21256,0.77717745
21257,0.77717745
21258,0.7814094
21259,0.77717745
21260,0.77717745
21261,0.77717745
21262,0.77717745
21263,0.77717745
21264,0.77717745
21265,0.77717745
21266,0.77717745
21267,0.77717745
21268,0.7814094
21269,0.77717745
21270,0.77717745
21271,0.77717745
21272,0.77717745
21273,0.77717745
21274,0.77717745
21275,0.77717745
21276,0.77717745
21277,0.7814094
21278,0.77717745
21279,0.77717745
21280,0.77717745
21281,0.77717745
21282,0.77717745
21283,0.77717745
21284,0.77717745
21285,0.77717745
21286,0.77717745
21287,0.77717745
21288,0.77717745
21289,0.7814094
21290,0.77717745
21291,0.77717745
21292,0.77717745
21293,0.77717745
21294,0.77717745
21295,0.77717745
21296,0.77717745
21297,0.77717745
21298,0.77717745
21299,0.77717745
21300,0.77717745
21301,0.77717745
21302,0.77717745
21303,0.77717745
21304,0.77717745
21305,0.77717745
21306,0.77717745
21307,0.77717745
21308,0.77717745
21309,0.77717745
21310,0.77717745
21311,0.77717745
21312,0.77717745
21313,0.77717745
21314,0.7814094
21315,0.77717745
21316,0.77717745
21317,0.77717745
21318,0.77717745
21319,0.77717745
21320,0.77717745
21321,0.77717745
21322,0.77717745
21323,0.77717745
21324,0.77717745
21325,0.77717745
21326,0.77717745
21327,0.77717745
21328,0.77717745
21329,0.77717745
21330,0.77717745
21331,0.77717745
21332,0.77717745
21333,0.77717745
21334,0.77717745
21335,0.7814094
21336,0.77717745
21337,0.77717745
21338,0.77717745
21339,0.77717745
21340,0.77717745
21341,0.77717745
21342,0.77717745
21343,0.77717745
21344,0.77717745
21345,0.77717745
21346,0.77717745
21347,0.77717745
21348,0.77717745
21349,0.77717745
21350,0.77717745
21351,0.77717745
21352,0.77717745
21353,0.77717745
21354,0.77717745
21355,0.77717745
21356,0.77717745
21357,0.77717745
21358,0.77717745
21359,0.77717745
21360,0.77717745
21361,0.77717745
21362,0.77717745
21363,0.77717745
21364,0.77717745
21365,0.77717745
21366,0.77717745
21367,0.790131
21368,0.77717745
21369,0.77717745
21370,0.77717745
21371,0.77717745
21372,0.77717745
21373,0.77717745
21374,0.77717745
21375,0.77717745
21376,0.77717745
21377,0.77717745
21378,0.7814094
21379,0.77717745
21380,0.77717745
21381,0.77717745
21382,0.7814094
21383,0.77717745
21384,0.77717745
21385,0.77717745
21386,0.77717745
21387,0.77717745
21388,0.77717745
21389,0.77717745
21390,0.7814094
21391,0.77717745
21392,0.77717745
21393,0.77717745
21394,0.77717745
21395,0.77717745
21396,0.77717745
21397,0.7814094
21398,0.77717745
21399,0.77717745
21400,0.77717745
21401,0.77717745
21402,0.77717745
21403,0.77717745
21404,0.77717745
21405,0.77717745
21406,0.77717745
21407,0.77717745
21408,0.77717745
21409,0.77717745
21410,0.77717745
21411,0.77717745
21412,0.7814094
21413,0.77717745
21414,0.77717745
21415,0.77717745
21416,0.7814094
21417,0.77717745
21418,0.77717745
21419,0.7814094
21420,0.7814094
21421,0.77717745
21422,0.77717745
21423,0.77717745
21424,0.77717745
21425,0.787234
21426,0.77717745
21427,0.7814094
21428,0.77717745
21429,0.77717745
21430,0.77717745
21431,0.77717745
21432,0.77717745
21433,0.7814094
21434,0.7814094
21435,0.77717745
21436,0.77717745
21437,0.77717745
21438,0.77717745
21439,0.77717745
21440,0.77717745
21441,0.77717745
21442,0.77717745
21443,0.77717745
21444,0.77717745
21445,0.77717745
21446,0.77717745
21447,0.77717745
21448,0.77717745
21449,0.77717745
21450,0.77717745
21451,0.77717745
21452,0.7814094
21453,0.77717745
21454,0.77717745
21455,0.77717745
21456,0.77717745
21457,0.77717745
21458,0.77717745
21459,0.77717745
21460,0.77717745
21461,0.77717745
21462,0.77717745
21463,0.77717745
21464,0.77717745
21465,0.7814094
21466,0.77717745
21467,0.77717745
21468,0.77717745
21469,0.77717745
21470,0.77717745
21471,0.77717745
21472,0.77717745
21473,0.77717745
21474,0.77717745
21475,0.77717745
21476,0.77717745
21477,0.77717745
21478,0.77717745
21479,0.77717745
21480,0.7814094
21481,0.77717745
21482,0.79140604
21483,0.77717745
21484,0.77717745
21485,0.77717745
21486,0.77717745
21487,0.77717745
21488,0.7814094
21489,0.77717745
21490,0.77717745
21491,0.77717745
21492,0.77717745
21493,0.77717745
21494,0.7814094
21495,0.7814094
21496,0.77717745
21497,0.77717745
21498,0.77717745
21499,0.7814094
21500,0.7814094
21501,0.77717745
21502,0.77717745
21503,0.77717745
21504,0.77717745
21505,0.77717745
21506,0.77717745
21507,0.77717745
21508,0.77717745
21509,0.77717745
21510,0.77717745
21511,0.77717745
21512,0.7814094
21513,0.7814094
21514,0.77717745
21515,0.77717745
21516,0.77717745
21517,0.77717745
21518,0.77717745
21519,0.77717745
21520,0.77717745
21521,0.77717745
21522,0.77717745
21523,0.77717745
21524,0.77717745
21525,0.77717745
21526,0.77717745
21527,0.77717745
21528,0.77717745
21529,0.77717745
21530,0.7908043
21531,0.77717745
21532,0.77717745
21533,0.7814094
21534,0.77717745
21535,0.77717745
21536,0.7814094
21537,0.77717745
21538,0.7814094
21539,0.77717745
21540,0.77717745
21541,0.77717745
21542,0.77717745
21543,0.77717745
21544,0.77717745
21545,0.77717745
21546,0.77717745
21547,0.77717745
21548,0.77717745
21549,0.77717745
21550,0.77717745
21551,0.77717745
21552,0.77717745
21553,0.77717745
21554,0.77717745
21555,0.77717745
21556,0.77717745
21557,0.7814094
21558,0.77717745
21559,0.790131
21560,0.77717745
21561,0.77717745
21562,0.77717745
21563,0.77717745
21564,0.77717745
21565,0.77717745
21566,0.7814094
21567,0.77717745
21568,0.77717745
21569,0.77717745
21570,0.77717745
21571,0.7814094
21572,0.77717745
21573,0.77717745
21574,0.77717745
21575,0.77717745
21576,0.77717745
21577,0.77717745
21578,0.77717745
21579,0.77717745
21580,0.77717745
21581,0.77717745
21582,0.77717745
21583,0.77717745
21584,0.77717745
21585,0.77717745
21586,0.77717745
21587,0.77717745
21588,0.77717745
21589,0.77717745
21590,0.7814094
21591,0.77717745
21592,0.77717745
21593,0.77717745
21594,0.77717745
21595,0.77717745
21596,0.7814094
21597,0.77717745
21598,0.77717745
21599,0.77717745
21600,0.77717745
21601,0.77717745
21602,0.77717745
21603,0.77717745
21604,0.7814094
21605,0.77717745
21606,0.77717745
21607,0.77717745
21608,0.77717745
21609,0.77717745
21610,0.77717745
21611,0.77717745
21612,0.77717745
21613,0.7814094
21614,0.77717745
21615,0.77717745
21616,0.77717745
21617,0.77717745
21618,0.77717745
21619,0.77717745
21620,0.77717745
21621,0.77717745
21622,0.7814094
21623,0.77717745
21624,0.77717745
21625,0.77717745
21626,0.77717745
21627,0.7908043
21628,0.77717745
21629,0.77717745
21630,0.77717745
21631,0.77717745
21632,0.77717745
21633,0.77717745
21634,0.77717745
21635,0.77717745
21636,0.77717745
21637,0.77717745
21638,0.77717745
21639,0.77717745
21640,0.77717745
21641,0.77717745
21642,0.77717745
21643,0.77717745
21644,0.77717745
21645,0.77717745
21646,0.77717745
21647,0.77717745
21648,0.77717745
21649,0.77717745
21650,0.77717745
21651,0.77717745
21652,0.77717745
21653,0.77717745
21654,0.77717745
21655,0.77717745
21656,0.77717745
21657,0.77717745
21658,0.77717745
21659,0.77717745
21660,0.77717745
21661,0.77717745
21662,0.77717745
21663,0.77717745
21664,0.77717745
21665,0.77717745
21666,0.77717745
21667,0.77717745
21668,0.77717745
21669,0.77717745
21670,0.77717745
21671,0.77717745
21672,0.77717745
21673,0.7908043
21674,0.77717745
21675,0.77717745
21676,0.77717745
21677,0.77717745
21678,0.77717745
21679,0.77717745
21680,0.7814094
21681,0.77717745
21682,0.77717745
21683,0.7814094
21684,0.77717745
21685,0.77717745
21686,0.77717745
21687,0.7814094
21688,0.77717745
21689,0.77717745
21690,0.77717745
21691,0.77717745
21692,0.77717745
21693,0.7908043
21694,0.77717745
21695,0.77717745
21696,0.77717745
21697,0.77717745
21698,0.77717745
21699,0.77717745
21700,0.77717745
21701,0.77717745
21702,0.77717745
21703,0.77717745
21704,0.77717745
21705,0.77717745
21706,0.77717745
21707,0.77717745
21708,0.77717745
21709,0.77717745
21710,0.77717745
21711,0.7814094
21712,0.77717745
21713,0.77717745
21714,0.77717745
21715,0.77717745
21716,0.77717745
21717,0.77717745
21718,0.77717745
21719,0.77717745
21720,0.77717745
21721,0.77717745
21722,0.77717745
21723,0.77717745
21724,0.77717745
21725,0.77717745
21726,0.7814094
21727,0.77717745
21728,0.77717745
21729,0.77717745
21730,0.77717745
21731,0.77717745
21732,0.77717745
21733,0.77717745
21734,0.77717745
21735,0.7814094
21736,0.77717745
21737,0.77717745
21738,0.77717745
21739,0.77717745
21740,0.77717745
21741,0.77717745
21742,0.77717745
21743,0.77717745
21744,0.77717745
21745,0.77717745
21746,0.77717745
21747,0.77717745
21748,0.77717745
21749,0.77717745
21750,0.77717745
21751,0.77717745
21752,0.77717745
21753,0.77717745
21754,0.77717745
21755,0.77717745
21756,0.77717745
21757,0.77717745
21758,0.77717745
21759,0.77717745
21760,0.77717745
21761,0.77717745
21762,0.77717745
21763,0.77717745
21764,0.77717745
21765,0.77717745
21766,0.77717745
21767,0.77717745
21768,0.77717745
21769,0.77717745
21770,0.77717745
21771,0.77717745
21772,0.77717745
21773,0.77717745
21774,0.77717745
21775,0.77717745
21776,0.7814094
21777,0.77717745
21778,0.7814094
21779,0.77717745
21780,0.77717745
21781,0.77717745
21782,0.77717745
21783,0.77717745
21784,0.77717745
21785,0.77717745
21786,0.77717745
21787,0.77717745
21788,0.77717745
21789,0.77717745
21790,0.7814094
21791,0.77717745
21792,0.77717745
21793,0.7908043
21794,0.77717745
21795,0.77717745
21796,0.77717745
21797,0.77717745
21798,0.77717745
21799,0.77717745
21800,0.77717745
21801,0.77717745
21802,0.7814094
21803,0.77717745
21804,0.77717745
21805,0.77717745
21806,0.77717745
21807,0.77717745
21808,0.77717745
21809,0.77717745
21810,0.77717745
21811,0.77717745
21812,0.7814094
21813,0.77717745
21814,0.77717745
21815,0.77717745
21816,0.77717745
21817,0.77717745
21818,0.77717745
21819,0.77717745
21820,0.77717745
21821,0.77717745
21822,0.77717745
21823,0.77717745
21824,0.77717745
21825,0.77717745
21826,0.77717745
21827,0.77717745
21828,0.77717745
21829,0.77717745
21830,0.77717745
21831,0.77717745
21832,0.77717745
21833,0.77717745
21834,0.77717745
21835,0.77717745
21836,0.77717745
21837,0.77717745
21838,0.77717745
21839,0.77717745
21840,0.77717745
21841,0.77717745
21842,0.77717745
21843,0.7814094
21844,0.77717745
21845,0.77717745
21846,0.77717745
21847,0.77717745
21848,0.77717745
21849,0.77717745
21850,0.77717745
21851,0.77717745
21852,0.77717745
21853,0.77717745
21854,0.77717745
21855,0.77717745
21856,0.77717745
21857,0.77717745
21858,0.77717745
21859,0.77717745
21860,0.77717745
21861,0.77717745
21862,0.7814094
21863,0.77717745
21864,0.77717745
21865,0.77717745
21866,0.77717745
21867,0.77717745
21868,0.77717745
21869,0.7814094
21870,0.77717745
21871,0.77717745
21872,0.77717745
21873,0.77717745
21874,0.7814094
21875,0.77717745
21876,0.77717745
21877,0.77717745
21878,0.77717745
21879,0.77717745
21880,0.77717745
21881,0.77717745
21882,0.77717745
21883,0.77717745
21884,0.77717745
21885,0.77717745
21886,0.77717745
21887,0.77717745
21888,0.77717745
21889,0.790131
21890,0.77717745
21891,0.77717745
21892,0.77717745
21893,0.7814094
21894,0.7814094
21895,0.77717745
21896,0.7814094
21897,0.77717745
21898,0.77717745
21899,0.7814094
21900,0.7814094
21901,0.77717745
21902,0.77717745
21903,0.77717745
21904,0.77717745
21905,0.77717745
21906,0.77717745
21907,0.77717745
21908,0.77717745
21909,0.7814094
21910,0.77717745
21911,0.77717745
21912,0.77717745
21913,0.77717745
21914,0.77717745
21915,0.77717745
21916,0.7814094
21917,0.77717745
21918,0.77717745
21919,0.77717745
21920,0.77717745
21921,0.77717745
21922,0.77717745
21923,0.77717745
21924,0.77717745
21925,0.77717745
21926,0.77717745
21927,0.7814094
21928,0.77717745
21929,0.77717745
21930,0.7814094
21931,0.77717745
21932,0.77717745
21933,0.77717745
21934,0.77717745
21935,0.77717745
21936,0.77717745
21937,0.77717745
21938,0.77717745
21939,0.77717745
21940,0.77717745
21941,0.7814094
21942,0.77717745
21943,0.77717745
21944,0.77717745
21945,0.77717745
21946,0.77717745
21947,0.7814094
21948,0.7814094
21949,0.77717745
21950,0.77717745
21951,0.7814094
21952,0.77717745
21953,0.7814094
21954,0.77717745
21955,0.77717745
21956,0.77717745
21957,0.77717745
21958,0.7814094
21959,0.77717745
21960,0.77717745
21961,0.77717745
21962,0.77717745
21963,0.77717745
21964,0.7908043
21965,0.77717745
21966,0.77717745
21967,0.77717745
21968,0.77717745
21969,0.77717745
21970,0.77717745
21971,0.77717745
21972,0.77717745
21973,0.77717745
21974,0.7814094
21975,0.77717745
21976,0.77717745
21977,0.7814094
21978,0.7814094
21979,0.77717745
21980,0.77717745
21981,0.77717745
21982,0.77717745
21983,0.77717745
21984,0.7814094
21985,0.77717745
21986,0.77717745
21987,0.77717745
21988,0.77717745
21989,0.77717745
21990,0.77717745
21991,0.77717745
21992,0.77717745
21993,0.77717745
21994,0.77717745
21995,0.77717745
21996,0.77717745
21997,0.77717745
21998,0.77717745
21999,0.77717745
22000,0.77717745
22001,0.77717745
22002,0.77717745
22003,0.77717745
22004,0.7814094
22005,0.77717745
22006,0.77717745
22007,0.77717745
22008,0.77717745
22009,0.77717745
22010,0.77717745
22011,0.77717745
22012,0.77717745
22013,0.77717745
22014,0.77717745
22015,0.77717745
22016,0.77717745
22017,0.77717745
22018,0.77717745
22019,0.77717745
22020,0.7814094
22021,0.77717745
22022,0.77717745
22023,0.77717745
22024,0.7814094
22025,0.77717745
22026,0.77717745
22027,0.77717745
22028,0.77717745
22029,0.77717745
22030,0.77717745
22031,0.77717745
22032,0.77717745
22033,0.77717745
22034,0.77717745
22035,0.77717745
22036,0.77717745
22037,0.77717745
22038,0.77717745
22039,0.77717745
22040,0.77717745
22041,0.77717745
22042,0.7814094
22043,0.77717745
22044,0.77717745
22045,0.7814094
22046,0.77717745
22047,0.77717745
22048,0.77717745
22049,0.77717745
22050,0.77717745
22051,0.77717745
22052,0.77717745
22053,0.77717745
22054,0.77717745
22055,0.77717745
22056,0.77717745
22057,0.77717745
22058,0.77717745
22059,0.77717745
22060,0.77717745
22061,0.77717745
22062,0.77717745
22063,0.77717745
22064,0.7814094
22065,0.77717745
22066,0.77717745
22067,0.77717745
22068,0.77717745
22069,0.77717745
22070,0.77717745
22071,0.77717745
22072,0.77717745
22073,0.77717745
22074,0.77717745
22075,0.77717745
22076,0.77717745
22077,0.77717745
22078,0.77717745
22079,0.77717745
22080,0.77717745
22081,0.77717745
22082,0.77717745
22083,0.7814094
22084,0.77717745
22085,0.7814094
22086,0.77717745
22087,0.77717745
22088,0.77717745
22089,0.77717745
22090,0.77717745
22091,0.77717745
22092,0.77717745
22093,0.77717745
22094,0.77717745
22095,0.77717745
22096,0.7814094
22097,0.77717745
22098,0.77717745
22099,0.77717745
22100,0.77717745
22101,0.7814094
22102,0.77717745
22103,0.77717745
22104,0.77717745
22105,0.7814094
22106,0.77717745
22107,0.77717745
22108,0.77717745
22109,0.77717745
22110,0.77717745
22111,0.77717745
22112,0.77717745
22113,0.77717745
22114,0.77717745
22115,0.77717745
22116,0.77717745
22117,0.77717745
22118,0.77717745
22119,0.77717745
22120,0.77717745
22121,0.77717745
22122,0.77717745
22123,0.77717745
22124,0.77717745
22125,0.77717745
22126,0.77717745
22127,0.77717745
22128,0.77717745
22129,0.77717745
22130,0.77717745
22131,0.77717745
22132,0.77717745
22133,0.77717745
22134,0.7814094
22135,0.77717745
22136,0.77717745
22137,0.77717745
22138,0.77717745
22139,0.77717745
22140,0.77717745
22141,0.77717745
22142,0.77717745
22143,0.77717745
22144,0.7814094
22145,0.77717745
22146,0.77717745
22147,0.77717745
22148,0.77717745
22149,0.77717745
22150,0.77717745
22151,0.77717745
22152,0.7814094
22153,0.77717745
22154,0.77717745
22155,0.77717745
22156,0.77717745
22157,0.77717745
22158,0.77717745
22159,0.77717745
22160,0.7814094
22161,0.77717745
22162,0.77717745
22163,0.77717745
22164,0.7814094
22165,0.77717745
22166,0.77717745
22167,0.77717745
22168,0.77717745
22169,0.77717745
22170,0.77717745
22171,0.7814094
22172,0.77717745
22173,0.77717745
22174,0.77717745
22175,0.77717745
22176,0.77717745
22177,0.77717745
22178,0.77717745
22179,0.77717745
22180,0.77717745
22181,0.77717745
22182,0.77717745
22183,0.77717745
22184,0.77717745
22185,0.77717745
22186,0.77717745
22187,0.77717745
22188,0.77717745
22189,0.77717745
22190,0.77717745
22191,0.77717745
22192,0.77717745
22193,0.7814094
22194,0.77717745
22195,0.77717745
22196,0.77717745
22197,0.77717745
22198,0.77717745
22199,0.77717745
22200,0.77717745
22201,0.77717745
22202,0.77717745
22203,0.7814094
22204,0.77717745
22205,0.77717745
22206,0.77717745
22207,0.77717745
22208,0.77717745
22209,0.77717745
22210,0.77717745
22211,0.77717745
22212,0.77717745
22213,0.77717745
22214,0.77717745
22215,0.77717745
22216,0.77717745
22217,0.77717745
22218,0.77717745
22219,0.77717745
22220,0.77717745
22221,0.77717745
22222,0.790131
22223,0.77717745
22224,0.77717745
22225,0.77717745
22226,0.77717745
22227,0.77717745
22228,0.77717745
22229,0.77717745
22230,0.77717745
22231,0.7814094
22232,0.77717745
22233,0.77717745
22234,0.77717745
22235,0.77717745
22236,0.77717745
22237,0.77717745
22238,0.77717745
22239,0.77717745
22240,0.7814094
22241,0.77717745
22242,0.77717745
22243,0.77717745
22244,0.77717745
22245,0.77717745
22246,0.77717745
22247,0.77717745
22248,0.7814094
22249,0.77717745
22250,0.77717745
22251,0.77717745
22252,0.77717745
22253,0.77717745
22254,0.77717745
22255,0.77717745
22256,0.77717745
22257,0.77717745
22258,0.77717745
22259,0.77717745
22260,0.77717745
22261,0.77717745
22262,0.7908043
22263,0.77717745
22264,0.77717745
22265,0.77717745
22266,0.77717745
22267,0.77717745
22268,0.7814094
22269,0.790131
22270,0.7814094
22271,0.77717745
22272,0.77717745
22273,0.77717745
22274,0.77717745
22275,0.77717745
22276,0.7814094
22277,0.77717745
22278,0.77717745
22279,0.77717745
22280,0.7814094
22281,0.77717745
22282,0.77717745
22283,0.77717745
22284,0.77717745
22285,0.77717745
22286,0.77717745
22287,0.77717745
22288,0.77717745
22289,0.77717745
22290,0.77717745
22291,0.77717745
22292,0.77717745
22293,0.77717745
22294,0.77717745
22295,0.77717745
22296,0.77717745
22297,0.77717745
22298,0.77717745
22299,0.77717745
22300,0.77717745
22301,0.77717745
22302,0.77717745
22303,0.7814094
22304,0.77717745
22305,0.77717745
22306,0.77717745
22307,0.77717745
22308,0.77717745
22309,0.77717745
22310,0.7814094
22311,0.77717745
22312,0.77717745
22313,0.77717745
22314,0.77717745
22315,0.77717745
22316,0.77717745
22317,0.77717745
22318,0.77717745
22319,0.77717745
22320,0.77717745
22321,0.77717745
22322,0.77717745
22323,0.77717745
22324,0.77717745
22325,0.77717745
22326,0.77717745
22327,0.77717745
22328,0.77717745
22329,0.7814094
22330,0.77717745
22331,0.77717745
22332,0.77717745
22333,0.77717745
22334,0.77717745
22335,0.77717745
22336,0.77717745
22337,0.77717745
22338,0.77717745
22339,0.77717745
22340,0.77717745
22341,0.77717745
22342,0.77717745
22343,0.77717745
22344,0.787234
22345,0.7814094
22346,0.77717745
22347,0.77717745
22348,0.77717745
22349,0.790131
22350,0.77717745
22351,0.77717745
22352,0.7814094
22353,0.77717745
22354,0.77717745
22355,0.77717745
22356,0.77717745
22357,0.77717745
22358,0.77717745
22359,0.77717745
22360,0.77717745
22361,0.77717745
22362,0.77717745
22363,0.7814094
22364,0.77717745
22365,0.77717745
22366,0.77717745
22367,0.77717745
22368,0.77717745
22369,0.77717745
22370,0.77717745
22371,0.77717745
22372,0.77717745
22373,0.77717745
22374,0.7814094
22375,0.77717745
22376,0.77717745
22377,0.77717745
22378,0.77717745
22379,0.77717745
22380,0.77717745
22381,0.77717745
22382,0.77717745
22383,0.77717745
22384,0.77717745
22385,0.77717745
22386,0.77717745
22387,0.7814094
22388,0.77717745
22389,0.77717745
22390,0.77717745
22391,0.77717745
22392,0.7814094
22393,0.77717745
22394,0.77717745
22395,0.77717745
22396,0.77717745
22397,0.7814094
22398,0.77717745
22399,0.77717745
22400,0.77717745
22401,0.77717745
22402,0.77717745
22403,0.77717745
22404,0.79140604
22405,0.77717745
22406,0.77717745
22407,0.77717745
22408,0.77717745
22409,0.7814094
22410,0.77717745
22411,0.77717745
22412,0.77717745
22413,0.77717745
22414,0.77717745
22415,0.77717745
22416,0.77717745
22417,0.7814094
22418,0.77717745
22419,0.77717745
22420,0.77717745
22421,0.77717745
22422,0.77717745
22423,0.77717745
22424,0.77717745
22425,0.77717745
22426,0.77717745
22427,0.77717745
22428,0.77717745
22429,0.77717745
22430,0.77717745
22431,0.77717745
22432,0.77717745
22433,0.77717745
22434,0.77717745
22435,0.77717745
22436,0.77717745
22437,0.77717745
22438,0.77717745
22439,0.790131
22440,0.77717745
22441,0.77717745
22442,0.77717745
22443,0.77717745
22444,0.7814094
22445,0.77717745
22446,0.77717745
22447,0.77717745
22448,0.77717745
22449,0.77717745
22450,0.77717745
22451,0.77717745
22452,0.77717745
22453,0.77717745
22454,0.77717745
22455,0.77717745
22456,0.77717745
22457,0.77717745
22458,0.77717745
22459,0.77717745
22460,0.7814094
22461,0.77717745
22462,0.77717745
22463,0.77717745
22464,0.7814094
22465,0.77717745
22466,0.77717745
22467,0.77717745
22468,0.77717745
22469,0.77717745
22470,0.77717745
22471,0.77717745
22472,0.7814094
22473,0.7814094
22474,0.77717745
22475,0.77717745
22476,0.77717745
22477,0.77717745
22478,0.77717745
22479,0.7814094
22480,0.77717745
22481,0.77717745
22482,0.7814094
22483,0.77717745
22484,0.77717745
22485,0.77717745
22486,0.77717745
22487,0.77717745
22488,0.7814094
22489,0.77717745
22490,0.77717745
22491,0.77717745
22492,0.77717745
22493,0.77717745
22494,0.77717745
22495,0.77717745
22496,0.77717745
22497,0.77717745
22498,0.77717745
22499,0.77717745
22500,0.77717745
22501,0.77717745
22502,0.77717745
22503,0.77717745
22504,0.7908043
22505,0.77717745
22506,0.77717745
22507,0.77717745
22508,0.77717745
22509,0.7814094
22510,0.77717745
22511,0.77717745
22512,0.77717745
22513,0.77717745
22514,0.77717745
22515,0.77717745
22516,0.77717745
22517,0.77717745
22518,0.77717745
22519,0.77717745
22520,0.7814094
22521,0.77717745
22522,0.77717745
22523,0.7814094
22524,0.77717745
22525,0.77717745
22526,0.77717745
22527,0.77717745
22528,0.77717745
22529,0.77717745
22530,0.77717745
22531,0.77717745
22532,0.77717745
22533,0.77717745
22534,0.77717745
22535,0.7814094
22536,0.77717745
22537,0.77717745
22538,0.77717745
22539,0.77717745
22540,0.77717745
22541,0.7814094
22542,0.7814094
22543,0.77717745
22544,0.77717745
22545,0.77717745
22546,0.77717745
22547,0.77717745
22548,0.77717745
22549,0.77717745
22550,0.77717745
22551,0.77717745
22552,0.77717745
22553,0.790131
22554,0.77717745
22555,0.77717745
22556,0.77717745
22557,0.77717745
22558,0.77717745
22559,0.7814094
22560,0.77717745
22561,0.77717745
22562,0.77717745
22563,0.77717745
22564,0.77717745
22565,0.77717745
22566,0.77717745
22567,0.77717745
22568,0.77717745
22569,0.7814094
22570,0.77717745
22571,0.77717745
22572,0.7814094
22573,0.77717745
22574,0.77717745
22575,0.7814094
22576,0.77717745
22577,0.77717745
22578,0.77717745
22579,0.7814094
22580,0.77717745
22581,0.77717745
22582,0.77717745
22583,0.77717745
22584,0.77717745
22585,0.77717745
22586,0.77717745
22587,0.77717745
22588,0.77717745
22589,0.77717745
22590,0.77717745
22591,0.7814094
22592,0.77717745
22593,0.77717745
22594,0.77717745
22595,0.77717745
22596,0.77717745
22597,0.77717745
22598,0.77717745
22599,0.77717745
22600,0.7814094
22601,0.77717745
22602,0.77717745
22603,0.77717745
22604,0.77717745
22605,0.77717745
22606,0.7814094
22607,0.77717745
22608,0.77717745
22609,0.77717745
22610,0.77717745
22611,0.77717745
22612,0.77717745
22613,0.7814094
22614,0.77717745
22615,0.77717745
22616,0.77717745
22617,0.77717745
22618,0.77717745
22619,0.77717745
22620,0.77717745
22621,0.77717745
22622,0.77717745
22623,0.77717745
22624,0.77717745
22625,0.77717745
22626,0.77717745
22627,0.77717745
22628,0.77717745
22629,0.77717745
22630,0.7814094
22631,0.77717745
22632,0.77717745
22633,0.77717745
22634,0.77717745
22635,0.77717745
22636,0.77717745
22637,0.77717745
22638,0.7814094
22639,0.7814094
22640,0.77717745
22641,0.77717745
22642,0.77717745
22643,0.77717745
22644,0.77717745
22645,0.7814094
22646,0.77717745
22647,0.77717745
22648,0.7814094
22649,0.77717745
22650,0.77717745
22651,0.7908043
22652,0.77717745
22653,0.77717745
22654,0.77717745
22655,0.77717745
22656,0.77717745
22657,0.77717745
22658,0.77717745
22659,0.77717745
22660,0.77717745
22661,0.77717745
22662,0.77717745
22663,0.77717745
22664,0.77717745
22665,0.77717745
22666,0.77717745
22667,0.77717745
22668,0.77717745
22669,0.77717745
22670,0.77717745
22671,0.77717745
22672,0.7814094
22673,0.77717745
22674,0.77717745
22675,0.77717745
22676,0.77717745
22677,0.77717745
22678,0.77717745
22679,0.77717745
22680,0.77717745
22681,0.77717745
22682,0.7814094
22683,0.77717745
22684,0.77717745
22685,0.77717745
22686,0.7814094
22687,0.77717745
22688,0.77717745
22689,0.77717745
22690,0.77717745
22691,0.77717745
22692,0.77717745
22693,0.77717745
22694,0.7814094
22695,0.77717745
22696,0.77717745
22697,0.77717745
22698,0.77717745
22699,0.77717745
22700,0.77717745
22701,0.77717745
22702,0.77717745
22703,0.77717745
22704,0.77717745
22705,0.77717745
22706,0.77717745
22707,0.787234
22708,0.77717745
22709,0.77717745
22710,0.77717745
22711,0.77717745
22712,0.77717745
22713,0.7814094
22714,0.77717745
22715,0.77717745
22716,0.77717745
22717,0.77717745
22718,0.77717745
22719,0.77717745
22720,0.77717745
22721,0.77717745
22722,0.77717745
22723,0.77717745
22724,0.77717745
22725,0.77717745
22726,0.77717745
22727,0.77717745
22728,0.77717745
22729,0.77717745
22730,0.77717745
22731,0.77717745
22732,0.77717745
22733,0.77717745
22734,0.7814094
22735,0.77717745
22736,0.77717745
22737,0.77717745
22738,0.77717745
22739,0.77717745
22740,0.77717745
22741,0.77717745
22742,0.77717745
22743,0.77717745
22744,0.77717745
22745,0.77717745
22746,0.77717745
22747,0.77717745
22748,0.77717745
22749,0.77717745
22750,0.77717745
22751,0.77717745
22752,0.77717745
22753,0.77717745
22754,0.7814094
22755,0.7814094
22756,0.7814094
22757,0.77717745
22758,0.7814094
22759,0.77717745
22760,0.77717745
22761,0.77717745
22762,0.77717745
22763,0.77717745
22764,0.77717745
22765,0.77717745
22766,0.77717745
22767,0.7814094
22768,0.7814094
22769,0.77717745
22770,0.7814094
22771,0.77717745
22772,0.77717745
22773,0.77717745
22774,0.77717745
22775,0.77717745
22776,0.77717745
22777,0.7814094
22778,0.77717745
22779,0.77717745
22780,0.77717745
22781,0.77717745
22782,0.77717745
22783,0.77717745
22784,0.77717745
22785,0.7814094
22786,0.77717745
22787,0.7908043
22788,0.77717745
22789,0.77717745
22790,0.77717745
22791,0.77717745
22792,0.77717745
22793,0.77717745
22794,0.77717745
22795,0.77717745
22796,0.77717745
22797,0.77717745
22798,0.77717745
22799,0.77717745
22800,0.77717745
22801,0.77717745
22802,0.77717745
22803,0.77717745
22804,0.77717745
22805,0.7814094
22806,0.77717745
22807,0.77717745
22808,0.77717745
22809,0.77717745
22810,0.7814094
22811,0.7814094
22812,0.77717745
22813,0.77717745
22814,0.7814094
22815,0.77717745
22816,0.77717745
22817,0.77717745
22818,0.77717745
22819,0.77717745
22820,0.77717745
22821,0.77717745
22822,0.77717745
22823,0.77717745
22824,0.77717745
22825,0.7908043
22826,0.77717745
22827,0.77717745
22828,0.77717745
22829,0.77717745
22830,0.77717745
22831,0.77717745
22832,0.77717745
22833,0.77717745
22834,0.77717745
22835,0.77717745
22836,0.77717745
22837,0.7814094
22838,0.7814094
22839,0.77717745
22840,0.77717745
22841,0.77717745
22842,0.77717745
22843,0.77717745
22844,0.77717745
22845,0.77717745
22846,0.77717745
22847,0.77717745
22848,0.77717745
22849,0.77717745
22850,0.77717745
22851,0.77717745
22852,0.77717745
22853,0.77717745
22854,0.77717745
22855,0.77717745
22856,0.77717745
22857,0.77717745
22858,0.77717745
22859,0.77717745
22860,0.7814094
22861,0.77717745
22862,0.77717745
22863,0.77717745
22864,0.77717745
22865,0.77717745
22866,0.7814094
22867,0.77717745
22868,0.77717745
22869,0.77717745
22870,0.77717745
22871,0.77717745
22872,0.77717745
22873,0.77717745
22874,0.77717745
22875,0.77717745
22876,0.77717745
22877,0.77717745
22878,0.7814094
22879,0.77717745
22880,0.77717745
22881,0.77717745
22882,0.7814094
22883,0.7814094
22884,0.77717745
22885,0.77717745
22886,0.77717745
22887,0.77717745
22888,0.77717745
22889,0.77717745
22890,0.77717745
22891,0.7814094
22892,0.77717745
22893,0.77717745
22894,0.77717745
22895,0.77717745
22896,0.77717745
22897,0.77717745
22898,0.77717745
22899,0.77717745
22900,0.77717745
22901,0.77717745
22902,0.77717745
22903,0.77717745
22904,0.7814094
22905,0.7814094
22906,0.77717745
22907,0.77717745
22908,0.77717745
22909,0.77717745
22910,0.77717745
22911,0.77717745
22912,0.77717745
22913,0.77717745
22914,0.77717745
22915,0.77717745
22916,0.77717745
22917,0.77717745
22918,0.77717745
22919,0.77717745
22920,0.77717745
22921,0.77717745
22922,0.77717745
22923,0.77717745
22924,0.77717745
22925,0.77717745
22926,0.77717745
22927,0.77717745
22928,0.7908043
22929,0.7814094
22930,0.77717745
22931,0.77717745
22932,0.77717745
22933,0.7814094
22934,0.77717745
22935,0.77717745
22936,0.77717745
22937,0.77717745
22938,0.77717745
22939,0.77717745
22940,0.77717745
22941,0.77717745
22942,0.77717745
22943,0.77717745
22944,0.7814094
22945,0.77717745
22946,0.77717745
22947,0.7814094
22948,0.7814094
22949,0.77717745
22950,0.77717745
22951,0.77717745
22952,0.77717745
22953,0.77717745
22954,0.77717745
22955,0.7814094
22956,0.77717745
22957,0.77717745
22958,0.77717745
22959,0.77717745
22960,0.77717745
22961,0.77717745
22962,0.77717745
22963,0.77717745
22964,0.77717745
22965,0.77717745
22966,0.77717745
22967,0.77717745
22968,0.77717745
22969,0.77717745
22970,0.77717745
22971,0.77717745
22972,0.77717745
22973,0.77717745
22974,0.77717745
22975,0.77717745
22976,0.77717745
22977,0.77717745
22978,0.77717745
22979,0.77717745
22980,0.77717745
22981,0.77717745
22982,0.77717745
22983,0.77717745
22984,0.77717745
22985,0.77717745
22986,0.77717745
22987,0.77717745
22988,0.77717745
22989,0.77717745
22990,0.77717745
22991,0.7814094
22992,0.7814094
22993,0.7814094
22994,0.77717745
22995,0.77717745
22996,0.77717745
22997,0.77717745
22998,0.7814094
22999,0.77717745
23000,0.77717745
23001,0.77717745
23002,0.77717745
23003,0.77717745
23004,0.787234
23005,0.77717745
23006,0.77717745
23007,0.77717745
23008,0.77717745
23009,0.77717745
23010,0.77717745
23011,0.77717745
23012,0.77717745
23013,0.77717745
23014,0.77717745
23015,0.77717745
23016,0.7814094
23017,0.77717745
23018,0.77717745
23019,0.77717745
23020,0.77717745
23021,0.77717745
23022,0.7814094
23023,0.77717745
23024,0.77717745
23025,0.77717745
23026,0.7814094
23027,0.77717745
23028,0.77717745
23029,0.77717745
23030,0.7814094
23031,0.77717745
23032,0.77717745
23033,0.77717745
23034,0.7814094
23035,0.77717745
23036,0.77717745
23037,0.77717745
23038,0.77717745
23039,0.77717745
23040,0.77717745
23041,0.77717745
23042,0.77717745
23043,0.77717745
23044,0.77717745
23045,0.7814094
23046,0.77717745
23047,0.77717745
23048,0.77717745
23049,0.77717745
23050,0.77717745
23051,0.77717745
23052,0.77717745
23053,0.77717745
23054,0.7814094
23055,0.77717745
23056,0.77717745
23057,0.7814094
23058,0.77717745
23059,0.77717745
23060,0.77717745
23061,0.77717745
23062,0.77717745
23063,0.77717745
23064,0.77717745
23065,0.77717745
23066,0.77717745
23067,0.77717745
23068,0.7814094
23069,0.77717745
23070,0.77717745
23071,0.77717745
23072,0.77717745
23073,0.7814094
23074,0.77717745
23075,0.77717745
23076,0.787234
23077,0.77717745
23078,0.7814094
23079,0.77717745
23080,0.77717745
23081,0.7814094
23082,0.77717745
23083,0.77717745
23084,0.77717745
23085,0.77717745
23086,0.77717745
23087,0.77717745
23088,0.77717745
23089,0.77717745
23090,0.77717745
23091,0.77717745
23092,0.77717745
23093,0.77717745
23094,0.7814094
23095,0.7814094
23096,0.77717745
23097,0.77717745
23098,0.77717745
23099,0.77717745
23100,0.77717745
23101,0.77717745
23102,0.77717745
23103,0.77717745
23104,0.77717745
23105,0.77717745
23106,0.77717745
23107,0.77717745
23108,0.7814094
23109,0.77717745
23110,0.77717745
23111,0.77717745
23112,0.77717745
23113,0.77717745
23114,0.77717745
23115,0.7814094
23116,0.77717745
23117,0.7814094
23118,0.77717745
23119,0.77717745
23120,0.7814094
23121,0.7814094
23122,0.77717745
23123,0.77717745
23124,0.7814094
23125,0.77717745
23126,0.77717745
23127,0.77717745
23128,0.77717745
23129,0.77717745
23130,0.77717745
23131,0.77717745
23132,0.7814094
23133,0.77717745
23134,0.77717745
23135,0.77717745
23136,0.77717745
23137,0.7814094
23138,0.77717745
23139,0.77717745
23140,0.77717745
23141,0.77717745
23142,0.7814094
23143,0.7814094
23144,0.77717745
23145,0.77717745
23146,0.7814094
23147,0.77717745
23148,0.7814094
23149,0.77717745
23150,0.77717745
23151,0.787234
23152,0.7814094
23153,0.77717745
23154,0.77717745
23155,0.77717745
23156,0.77717745
23157,0.77717745
23158,0.77717745
23159,0.7814094
23160,0.7814094
23161,0.77717745
23162,0.77717745
23163,0.77717745
23164,0.77717745
23165,0.77717745
23166,0.77717745
23167,0.77717745
23168,0.7814094
23169,0.77717745
23170,0.77717745
23171,0.77717745
23172,0.77717745
23173,0.77717745
23174,0.77717745
23175,0.77717745
23176,0.77717745
23177,0.7814094
23178,0.77717745
23179,0.7814094
23180,0.77717745
23181,0.77717745
23182,0.7814094
23183,0.77717745
23184,0.77717745
23185,0.77717745
23186,0.77717745
23187,0.77717745
23188,0.77717745
23189,0.77717745
23190,0.7814094
23191,0.77717745
23192,0.77717745
23193,0.77717745
23194,0.77717745
23195,0.77717745
23196,0.77717745
23197,0.77717745
23198,0.77717745
23199,0.77717745
23200,0.77717745
23201,0.77717745
23202,0.77717745
23203,0.77717745
23204,0.77717745
23205,0.7814094
23206,0.77717745
23207,0.77717745
23208,0.77717745
23209,0.77717745
23210,0.77717745
23211,0.77717745
23212,0.77717745
23213,0.77717745
23214,0.77717745
23215,0.7814094
23216,0.77717745
23217,0.77717745
23218,0.77717745
23219,0.77717745
23220,0.77717745
23221,0.77717745
23222,0.77717745
23223,0.77717745
23224,0.77717745
23225,0.77717745
23226,0.77717745
23227,0.77717745
23228,0.7814094
23229,0.77717745
23230,0.77717745
23231,0.77717745
23232,0.77717745
23233,0.77717745
23234,0.77717745
23235,0.77717745
23236,0.77717745
23237,0.77717745
23238,0.77717745
23239,0.77717745
23240,0.77717745
23241,0.77717745
23242,0.7814094
23243,0.77717745
23244,0.77717745
23245,0.77717745
23246,0.77717745
23247,0.77717745
23248,0.77717745
23249,0.77717745
23250,0.77717745
23251,0.77717745
23252,0.77717745
23253,0.77717745
23254,0.77717745
23255,0.77717745
23256,0.77717745
23257,0.77717745
23258,0.77717745
23259,0.77717745
23260,0.77717745
23261,0.77717745
23262,0.77717745
23263,0.77717745
23264,0.77717745
23265,0.77717745
23266,0.77717745
23267,0.77717745
23268,0.77717745
23269,0.77717745
23270,0.77717745
23271,0.77717745
23272,0.77717745
23273,0.7814094
23274,0.77717745
23275,0.77717745
23276,0.77717745
23277,0.77717745
23278,0.77717745
23279,0.77717745
23280,0.77717745
23281,0.77717745
23282,0.77717745
23283,0.77717745
23284,0.77717745
23285,0.77717745
23286,0.77717745
23287,0.77717745
23288,0.77717745
23289,0.77717745
23290,0.77717745
23291,0.77717745
23292,0.77717745
23293,0.77717745
23294,0.77717745
23295,0.77717745
23296,0.77717745
23297,0.77717745
23298,0.77717745
23299,0.77717745
23300,0.77717745
23301,0.77717745
23302,0.7814094
23303,0.77717745
23304,0.77717745
23305,0.77717745
23306,0.77717745
23307,0.77717745
23308,0.77717745
23309,0.77717745
23310,0.77717745
23311,0.77717745
23312,0.77717745
23313,0.7814094
23314,0.77717745
23315,0.77717745
23316,0.77717745
23317,0.77717745
23318,0.77717745
23319,0.77717745
23320,0.77717745
23321,0.77717745
23322,0.77717745
23323,0.77717745
23324,0.77717745
23325,0.77717745
23326,0.77717745
23327,0.77717745
23328,0.77717745
23329,0.790131
23330,0.7814094
23331,0.77717745
23332,0.77717745
23333,0.77717745
23334,0.77717745
23335,0.77717745
23336,0.77717745
23337,0.77717745
23338,0.77717745
23339,0.77717745
23340,0.77717745
23341,0.77717745
23342,0.7814094
23343,0.77717745
23344,0.77717745
23345,0.77717745
23346,0.77717745
23347,0.77717745
23348,0.7814094
23349,0.77717745
23350,0.77717745
23351,0.77717745
23352,0.77717745
23353,0.77717745
23354,0.77717745
23355,0.77717745
23356,0.77717745
23357,0.77717745
23358,0.77717745
23359,0.77717745
23360,0.77717745
23361,0.7814094
23362,0.77717745
23363,0.77717745
23364,0.77717745
23365,0.7814094
23366,0.77717745
23367,0.77717745
23368,0.77717745
23369,0.77717745
23370,0.77717745
23371,0.77717745
23372,0.77717745
23373,0.7814094
23374,0.77717745
23375,0.77717745
23376,0.77717745
23377,0.77717745
23378,0.7814094
23379,0.77717745
23380,0.77717745
23381,0.77717745
23382,0.77717745
23383,0.77717745
23384,0.77717745
23385,0.77717745
23386,0.77717745
23387,0.77717745
23388,0.77717745
23389,0.77717745
23390,0.77717745
23391,0.77717745
23392,0.77717745
23393,0.77717745
23394,0.77717745
23395,0.7814094
23396,0.77717745
23397,0.7814094
23398,0.77717745
23399,0.77717745
23400,0.77717745
23401,0.77717745
23402,0.77717745
23403,0.77717745
23404,0.77717745
23405,0.77717745
23406,0.77717745
23407,0.77717745
23408,0.77717745
23409,0.77717745
23410,0.77717745
23411,0.7814094
23412,0.77717745
23413,0.77717745
23414,0.77717745
23415,0.77717745
23416,0.77717745
23417,0.77717745
23418,0.77717745
23419,0.77717745
23420,0.77717745
23421,0.77717745
23422,0.7814094
23423,0.7814094
23424,0.77717745
23425,0.77717745
23426,0.77717745
23427,0.77717745
23428,0.77717745
23429,0.77717745
23430,0.77717745
23431,0.77717745
23432,0.77717745
23433,0.77717745
23434,0.77717745
23435,0.77717745
23436,0.77717745
23437,0.787234
23438,0.77717745
23439,0.77717745
23440,0.77717745
23441,0.7814094
23442,0.77717745
23443,0.7814094
23444,0.77717745
23445,0.77717745
23446,0.77717745
23447,0.77717745
23448,0.77717745
23449,0.77717745
23450,0.77717745
23451,0.7908043
23452,0.77717745
23453,0.7868813
23454,0.77717745
23455,0.77717745
23456,0.77717745
23457,0.77717745
23458,0.7814094
23459,0.77717745
23460,0.77717745
23461,0.77717745
23462,0.77717745
23463,0.77717745
23464,0.7814094
23465,0.77717745
23466,0.77717745
23467,0.77717745
23468,0.7814094
23469,0.77717745
23470,0.77717745
23471,0.77717745
23472,0.77717745
23473,0.77717745
23474,0.7814094
23475,0.77717745
23476,0.77717745
23477,0.7814094
23478,0.787234
23479,0.77717745
23480,0.77717745
23481,0.77717745
23482,0.787234
23483,0.77717745
23484,0.77717745
23485,0.77717745
23486,0.77717745
23487,0.77717745
23488,0.77717745
23489,0.77717745
23490,0.77717745
23491,0.77717745
23492,0.77717745
23493,0.77717745
23494,0.77717745
23495,0.77717745
23496,0.77717745
23497,0.77717745
23498,0.77717745
23499,0.77717745
23500,0.7814094
23501,0.77717745
23502,0.77717745
23503,0.77717745
23504,0.77717745
23505,0.77717745
23506,0.77717745
23507,0.77717745
23508,0.77717745
23509,0.77717745
23510,0.77717745
23511,0.77717745
23512,0.77717745
23513,0.77717745
23514,0.77717745
23515,0.77717745
23516,0.77717745
23517,0.77717745
23518,0.77717745
23519,0.77717745
23520,0.77717745
23521,0.77717745
23522,0.77717745
23523,0.77717745
23524,0.77717745
23525,0.7814094
23526,0.77717745
23527,0.77717745
23528,0.77717745
23529,0.77717745
23530,0.77717745
23531,0.77717745
23532,0.77717745
23533,0.77717745
23534,0.77717745
23535,0.77717745
23536,0.77717745
23537,0.77717745
23538,0.787234
23539,0.77717745
23540,0.77717745
23541,0.7814094
23542,0.77717745
23543,0.7814094
23544,0.7814094
23545,0.77717745
23546,0.77717745
23547,0.77717745
23548,0.77717745
23549,0.77717745
23550,0.77717745
23551,0.77717745
23552,0.77717745
23553,0.77717745
23554,0.77717745
23555,0.77717745
23556,0.77717745
23557,0.77717745
23558,0.7814094
23559,0.77717745
23560,0.77717745
23561,0.77717745
23562,0.79904073
23563,0.77717745
23564,0.77717745
23565,0.77717745
23566,0.7814094
23567,0.77717745
23568,0.77717745
23569,0.77717745
23570,0.77717745
23571,0.77717745
23572,0.77717745
23573,0.7814094
23574,0.77717745
23575,0.77717745
23576,0.77717745
23577,0.77717745
23578,0.77717745
23579,0.77717745
23580,0.77717745
23581,0.77717745
23582,0.77717745
23583,0.77717745
23584,0.77717745
23585,0.77717745
23586,0.77717745
23587,0.77717745
23588,0.7814094
23589,0.77717745
23590,0.77717745
23591,0.77717745
23592,0.77717745
23593,0.77717745
23594,0.77717745
23595,0.77717745
23596,0.77717745
23597,0.77717745
23598,0.77717745
23599,0.7814094
23600,0.77717745
23601,0.7814094
23602,0.77717745
23603,0.77717745
23604,0.77717745
23605,0.77717745
23606,0.77717745
23607,0.77717745
23608,0.77717745
23609,0.77717745
23610,0.77717745
23611,0.77717745
23612,0.77717745
23613,0.77717745
23614,0.77717745
23615,0.77717745
23616,0.77717745
23617,0.77717745
23618,0.77717745
23619,0.77717745
23620,0.77717745
23621,0.77717745
23622,0.77717745
23623,0.77717745
23624,0.77717745
23625,0.77717745
23626,0.77717745
23627,0.7814094
23628,0.77717745
23629,0.7814094
23630,0.77717745
23631,0.77717745
23632,0.77717745
23633,0.77717745
23634,0.77717745
23635,0.7814094
23636,0.77717745
23637,0.77717745
23638,0.77717745
23639,0.77717745
23640,0.7814094
23641,0.77717745
23642,0.7814094
23643,0.77717745
23644,0.77717745
23645,0.77717745
23646,0.77717745
23647,0.77717745
23648,0.77717745
23649,0.77717745
23650,0.77717745
23651,0.77717745
23652,0.77717745
23653,0.77717745
23654,0.77717745
23655,0.77717745
23656,0.790131
23657,0.77717745
23658,0.77717745
23659,0.77717745
23660,0.77717745
23661,0.77717745
23662,0.77717745
23663,0.77717745
23664,0.77717745
23665,0.77717745
23666,0.77717745
23667,0.77717745
23668,0.77717745
23669,0.77717745
23670,0.77717745
23671,0.77717745
23672,0.7814094
23673,0.77717745
23674,0.77717745
23675,0.787234
23676,0.790131
23677,0.77717745
23678,0.77717745
23679,0.77717745
23680,0.77717745
23681,0.77717745
23682,0.77717745
23683,0.77717745
23684,0.7814094
23685,0.77717745
23686,0.77717745
23687,0.77717745
23688,0.77717745
23689,0.7814094
23690,0.77717745
23691,0.7814094
23692,0.77717745
23693,0.77717745
23694,0.77717745
23695,0.77717745
23696,0.7814094
23697,0.77717745
23698,0.7814094
23699,0.77717745
23700,0.77717745
23701,0.77717745
23702,0.77717745
23703,0.77717745
23704,0.77717745
23705,0.77717745
23706,0.77717745
23707,0.77717745
23708,0.77717745
23709,0.77717745
23710,0.77717745
23711,0.77717745
23712,0.77717745
23713,0.77717745
23714,0.77717745
23715,0.7814094
23716,0.77717745
23717,0.77717745
23718,0.77717745
23719,0.77717745
23720,0.77717745
23721,0.77717745
23722,0.77717745
23723,0.77717745
23724,0.77717745
23725,0.7814094
23726,0.77717745
23727,0.77717745
23728,0.7814094
23729,0.77717745
23730,0.77717745
23731,0.77717745
23732,0.7814094
23733,0.77717745
23734,0.77717745
23735,0.7814094
23736,0.7908043
23737,0.77717745
23738,0.7814094
23739,0.77717745
23740,0.77717745
23741,0.7814094
23742,0.77717745
23743,0.77717745
23744,0.77717745
23745,0.77717745
23746,0.77717745
23747,0.7814094
23748,0.77717745
23749,0.7814094
23750,0.77717745
23751,0.77717745
23752,0.77717745
23753,0.77717745
23754,0.7814094
23755,0.7814094
23756,0.77717745
23757,0.77717745
23758,0.77717745
23759,0.77717745
23760,0.77717745
23761,0.7814094
23762,0.77717745
23763,0.77717745
23764,0.7814094
23765,0.77717745
23766,0.7814094
23767,0.77717745
23768,0.77717745
23769,0.77717745
23770,0.7814094
23771,0.77717745
23772,0.77717745
23773,0.77717745
23774,0.77717745
23775,0.77717745
23776,0.77717745
23777,0.77717745
23778,0.7814094
23779,0.77717745
23780,0.77717745
23781,0.77717745
23782,0.77717745
23783,0.77717745
23784,0.77717745
23785,0.77717745
23786,0.77717745
23787,0.7814094
23788,0.7814094
23789,0.77717745
23790,0.77717745
23791,0.77717745
23792,0.77717745
23793,0.77717745
23794,0.77717745
23795,0.77717745
23796,0.77717745
23797,0.7814094
23798,0.7814094
23799,0.77717745
23800,0.77717745
23801,0.77717745
23802,0.77717745
23803,0.77717745
23804,0.77717745
23805,0.77717745
23806,0.77717745
23807,0.77717745
23808,0.77717745
23809,0.77717745
23810,0.77717745
23811,0.77717745
23812,0.77717745
23813,0.77717745
23814,0.77717745
23815,0.77717745
23816,0.77717745
23817,0.77717745
23818,0.77717745
23819,0.77717745
23820,0.77717745
23821,0.77717745
23822,0.77717745
23823,0.77717745
23824,0.77717745
23825,0.77717745
23826,0.77717745
23827,0.77717745
23828,0.7814094
23829,0.77717745
23830,0.77717745
23831,0.77717745
23832,0.77717745
23833,0.77717745
23834,0.77717745
23835,0.77717745
23836,0.77717745
23837,0.77717745
23838,0.77717745
23839,0.77717745
23840,0.790131
23841,0.77717745
23842,0.7814094
